Date,High,Low,Open,Close,Volume,Adj Close
2016-01-04,43.220001220703125,42.58000183105469,43.130001068115234,43.029998779296875,2664400.0,37.14142990112305
2016-01-05,43.59000015258789,42.349998474121094,43.02000045776367,43.540000915527344,2295800.0,37.58163833618164
2016-01-06,43.93000030517578,43.150001525878906,43.2400016784668,43.81999969482422,1974500.0,37.82331466674805
2016-01-07,44.08000183105469,43.400001525878906,43.470001220703125,43.849998474121094,3190200.0,37.84920883178711
2016-01-08,44.04999923706055,43.43000030517578,43.880001068115234,43.5099983215332,2139200.0,37.55573654174805
2016-01-11,43.849998474121094,43.40999984741211,43.540000915527344,43.52000045776367,2237900.0,37.564369201660156
2016-01-12,43.63999938964844,42.97999954223633,43.63999938964844,43.380001068115234,1797100.0,37.44353103637695
2016-01-13,43.75,43.04999923706055,43.540000915527344,43.13999938964844,2263300.0,37.23637771606445
2016-01-14,43.970001220703125,42.86000061035156,43.060001373291016,43.709999084472656,1493900.0,37.72836685180664
2016-01-15,43.70000076293945,42.90999984741211,43.119998931884766,43.5099983215332,2010100.0,37.55573654174805
2016-01-19,44.0,43.13999938964844,44.0,43.45000076293945,4015400.0,37.50394821166992
2016-01-20,43.5,41.5,43.38999938964844,42.33000183105469,3700000.0,36.53722381591797
2016-01-21,42.52000045776367,41.7599983215332,42.33000183105469,42.130001068115234,2107500.0,36.364585876464844
2016-01-22,43.02000045776367,42.099998474121094,42.349998474121094,42.95000076293945,1872200.0,37.0723762512207
2016-01-25,43.09000015258789,42.540000915527344,43.060001373291016,42.66999816894531,1783600.0,36.830692291259766
2016-01-26,43.41999816894531,42.54999923706055,42.7599983215332,42.7599983215332,1621400.0,36.90837097167969
2016-01-27,43.459999084472656,42.540000915527344,42.779998779296875,43.20000076293945,1851400.0,37.28815841674805
2016-01-28,44.099998474121094,42.75,43.13999938964844,43.849998474121094,1537300.0,37.84920883178711
2016-01-29,44.970001220703125,44.08000183105469,44.29999923706055,44.91999816894531,2402600.0,38.77278518676758
2016-02-01,45.810001373291016,44.689998626708984,44.72999954223633,45.65999984741211,1843300.0,39.4115104675293
2016-02-02,46.5,45.33000183105469,45.529998779296875,46.380001068115234,2622100.0,40.03297805786133
2016-02-03,47.900001525878906,46.72999954223633,46.77000045776367,47.33000183105469,4515600.0,40.85297393798828
2016-02-04,47.38999938964844,46.2599983215332,47.15999984741211,46.529998779296875,3032000.0,40.16246032714844
2016-02-05,46.7400016784668,45.540000915527344,46.18000030517578,46.4900016784668,2971700.0,40.127933502197266
2016-02-08,46.939998626708984,45.54999923706055,46.619998931884766,46.16999816894531,2379500.0,39.85172653198242
2016-02-09,46.5,45.84000015258789,45.93000030517578,46.08000183105469,2285400.0,39.77404022216797
2016-02-10,46.470001220703125,45.34000015258789,46.029998779296875,46.20000076293945,2547000.0,39.87761688232422
2016-02-11,46.43000030517578,45.34000015258789,46.15999984741211,45.369998931884766,1552900.0,39.16120529174805
2016-02-12,45.709999084472656,44.84000015258789,45.310001373291016,45.25,1134200.0,39.0576286315918
2016-02-16,45.619998931884766,44.90999984741211,45.31999969482422,45.58000183105469,2170400.0,39.34246063232422
2016-02-17,45.56999969482422,45.189998626708984,45.54999923706055,45.310001373291016,1640000.0,39.10942077636719
2016-02-18,46.59000015258789,45.15999984741211,45.25,46.279998779296875,3893900.0,39.9466667175293
2016-02-19,46.689998626708984,45.099998474121094,45.810001373291016,45.599998474121094,4164000.0,39.359718322753906
2016-02-22,46.36000061035156,45.459999084472656,45.560001373291016,46.22999954223633,2395400.0,39.903507232666016
2016-02-23,46.630001068115234,45.7599983215332,45.939998626708984,46.52000045776367,1557600.0,40.15382766723633
2016-02-24,47.560001373291016,46.31999969482422,46.529998779296875,47.47999954223633,2839700.0,40.982452392578125
2016-02-25,48.220001220703125,47.529998779296875,47.65999984741211,48.130001068115234,2108700.0,41.54350280761719
2016-02-26,47.900001525878906,46.470001220703125,47.84000015258789,46.4900016784668,2665800.0,40.127933502197266
2016-02-29,47.439998626708984,46.310001373291016,46.400001525878906,46.95000076293945,2610500.0,40.52498245239258
2016-03-01,47.540000915527344,46.529998779296875,47.189998626708984,46.93000030517578,1916200.0,40.50771713256836
2016-03-02,46.97999954223633,45.560001373291016,46.630001068115234,46.959999084472656,2047600.0,40.533607482910156
2016-03-03,47.0,46.22999954223633,46.97999954223633,47.0,1490600.0,40.568145751953125
2016-03-04,47.599998474121094,46.52000045776367,46.779998779296875,47.349998474121094,1856400.0,40.87024688720703
2016-03-07,47.439998626708984,46.70000076293945,46.83000183105469,47.130001068115234,1461000.0,41.04878616333008
2016-03-08,47.88999938964844,46.939998626708984,47.150001525878906,47.849998474121094,1732600.0,41.67588806152344
2016-03-09,48.40999984741211,47.77000045776367,47.79999923706055,48.27000045776367,1324200.0,42.041690826416016
2016-03-10,48.349998474121094,47.38999938964844,48.20000076293945,47.939998626708984,2980400.0,41.75428009033203
2016-03-11,48.5,47.869998931884766,47.970001220703125,48.220001220703125,1668200.0,41.99814224243164
2016-03-14,48.40999984741211,47.88999938964844,48.0099983215332,48.31999969482422,1374800.0,42.085243225097656
2016-03-15,48.529998779296875,47.959999084472656,48.189998626708984,48.18000030517578,1667200.0,41.963314056396484
2016-03-16,48.58000183105469,47.540000915527344,48.060001373291016,48.43000030517578,1748700.0,42.18104934692383
2016-03-17,49.029998779296875,48.22999954223633,48.31999969482422,48.900001525878906,1573200.0,42.59041213989258
2016-03-18,49.41999816894531,48.41999816894531,49.029998779296875,48.97999954223633,2910800.0,42.66007995605469
2016-03-21,49.09000015258789,48.15999984741211,48.88999938964844,48.779998779296875,1287800.0,42.48588943481445
2016-03-22,49.130001068115234,48.52000045776367,48.849998474121094,48.869998931884766,1717200.0,42.56427764892578
2016-03-23,49.16999816894531,48.5099983215332,48.77000045776367,48.9900016784668,1514300.0,42.66879653930664
2016-03-24,49.279998779296875,48.720001220703125,48.81999969482422,49.25,1179900.0,42.8952522277832
2016-03-28,49.65999984741211,48.91999816894531,49.4900016784668,49.20000076293945,835400.0,42.85169982910156
2016-03-29,49.900001525878906,49.150001525878906,49.20000076293945,49.88999938964844,1358200.0,43.452674865722656
2016-03-30,49.900001525878906,49.38999938964844,49.900001525878906,49.75,1622000.0,43.33074188232422
2016-03-31,50.15999984741211,49.349998474121094,49.720001220703125,50.099998474121094,2533400.0,43.63556671142578
2016-04-01,50.58000183105469,49.75,50.099998474121094,50.540000915527344,1415700.0,44.018798828125
2016-04-04,51.060001373291016,50.369998931884766,50.56999969482422,50.83000183105469,2644900.0,44.2713737487793
2016-04-05,50.790000915527344,49.47999954223633,50.7400016784668,49.52000045776367,2311300.0,43.13040542602539
2016-04-06,49.58000183105469,49.11000061035156,49.459999084472656,49.54999923706055,1312500.0,43.156532287597656
2016-04-07,49.75,49.0099983215332,49.279998779296875,49.15999984741211,1991600.0,42.81684875488281
2016-04-08,51.0,48.70000076293945,49.400001525878906,48.779998779296875,4971300.0,42.48588943481445
2016-04-11,49.130001068115234,48.540000915527344,48.86000061035156,48.68000030517578,2266000.0,42.39879608154297
2016-04-12,48.86000061035156,48.41999816894531,48.779998779296875,48.709999084472656,1793700.0,42.42491149902344
2016-04-13,48.79999923706055,48.130001068115234,48.79999923706055,48.29999923706055,1453100.0,42.06781768798828
2016-04-14,48.5099983215332,48.060001373291016,48.189998626708984,48.349998474121094,976000.0,42.11137771606445
2016-04-15,48.83000183105469,48.2599983215332,48.52000045776367,48.72999954223633,1056500.0,42.44234848022461
2016-04-18,49.119998931884766,48.5099983215332,48.7400016784668,49.08000183105469,1267100.0,42.74718475341797
2016-04-19,49.27000045776367,48.779998779296875,49.099998474121094,49.119998931884766,1215200.0,42.782020568847656
2016-04-20,49.189998626708984,47.540000915527344,49.029998779296875,47.59000015258789,1437500.0,41.44943618774414
2016-04-21,47.560001373291016,46.290000915527344,47.47999954223633,46.470001220703125,1423000.0,40.47394943237305
2016-04-22,46.959999084472656,46.38999938964844,46.619998931884766,46.54999923706055,1493100.0,40.54362487792969
2016-04-25,46.970001220703125,46.400001525878906,46.47999954223633,46.970001220703125,2199900.0,40.9094352722168
2016-04-26,47.189998626708984,46.630001068115234,47.029998779296875,46.810001373291016,1741300.0,40.77008056640625
2016-04-27,47.47999954223633,46.56999969482422,46.959999084472656,47.2599983215332,1860300.0,41.16201400756836
2016-04-28,47.720001220703125,46.54999923706055,46.81999969482422,47.689998626708984,1530100.0,41.53653335571289
2016-04-29,48.060001373291016,47.08000183105469,47.45000076293945,48.0,2112700.0,41.80652618408203
2016-05-02,48.54999923706055,47.79999923706055,48.04999923706055,48.13999938964844,1896200.0,41.92847442626953
2016-05-03,48.75,48.189998626708984,48.189998626708984,48.54999923706055,1589800.0,42.285560607910156
2016-05-04,49.220001220703125,48.2400016784668,48.470001220703125,48.72999954223633,2498600.0,42.44234848022461
2016-05-05,49.27000045776367,48.43000030517578,48.63999938964844,48.880001068115234,1680600.0,42.57297897338867
2016-05-06,48.83000183105469,47.81999969482422,48.83000183105469,48.189998626708984,1598700.0,41.972007751464844
2016-05-09,48.54999923706055,48.04999923706055,48.279998779296875,48.43000030517578,1443000.0,42.18104934692383
2016-05-10,48.86000061035156,48.400001525878906,48.52000045776367,48.65999984741211,1368500.0,42.38137435913086
2016-05-11,49.0,47.939998626708984,48.630001068115234,48.150001525878906,3296300.0,41.93718338012695
2016-05-12,48.77000045776367,47.349998474121094,48.11000061035156,48.119998931884766,3854500.0,41.911041259765625
2016-05-13,48.33000183105469,47.58000183105469,48.119998931884766,48.06999969482422,1579400.0,41.86750030517578
2016-05-16,48.16999816894531,47.619998931884766,47.939998626708984,47.900001525878906,1578000.0,41.71943283081055
2016-05-17,47.959999084472656,47.0,47.79999923706055,47.31999969482422,2806300.0,41.214271545410156
2016-05-18,47.70000076293945,46.59000015258789,47.099998474121094,46.81999969482422,3266300.0,40.778785705566406
2016-05-19,47.369998931884766,46.29999923706055,46.66999816894531,47.349998474121094,2160000.0,41.24040222167969
2016-05-20,47.61000061035156,46.849998474121094,47.4900016784668,47.2400016784668,2855500.0,41.14460372924805
2016-05-23,47.36000061035156,46.650001525878906,47.290000915527344,46.689998626708984,1427900.0,40.665565490722656
2016-05-24,47.310001373291016,46.720001220703125,46.7400016784668,47.2400016784668,872000.0,41.14460372924805
2016-05-25,47.31999969482422,46.86000061035156,47.06999969482422,47.11000061035156,1151200.0,41.0313720703125
2016-05-26,48.13999938964844,47.09000015258789,47.09000015258789,47.83000183105469,1728000.0,41.65846252441406
2016-05-27,48.130001068115234,47.619998931884766,47.779998779296875,48.11000061035156,1251800.0,41.902339935302734
2016-05-31,49.7400016784668,47.970001220703125,48.20000076293945,49.54999923706055,7029300.0,43.156532287597656
2016-06-01,49.619998931884766,49.16999816894531,49.400001525878906,49.43000030517578,2918100.0,43.05201721191406
2016-06-02,49.38999938964844,48.689998626708984,49.2599983215332,49.099998474121094,2410300.0,42.76459884643555
2016-06-03,50.25,49.5,49.58000183105469,50.0,1938700.0,43.54847717285156
2016-06-06,49.779998779296875,49.27000045776367,49.470001220703125,49.540000915527344,1930100.0,43.517730712890625
2016-06-07,49.91999816894531,49.349998474121094,49.459999084472656,49.47999954223633,1772300.0,43.46501159667969
2016-06-08,49.70000076293945,49.290000915527344,49.4900016784668,49.68000030517578,809000.0,43.64070510864258
2016-06-09,50.939998626708984,49.70000076293945,49.70000076293945,50.88999938964844,1961100.0,44.70361328125
2016-06-10,51.02000045776367,50.540000915527344,50.7400016784668,50.959999084472656,1709200.0,44.76510238647461
2016-06-13,51.130001068115234,50.720001220703125,50.959999084472656,50.7599983215332,1340000.0,44.589420318603516
2016-06-14,51.400001525878906,50.45000076293945,50.54999923706055,51.310001373291016,2194500.0,45.07255554199219
2016-06-15,51.36000061035156,50.619998931884766,51.36000061035156,50.90999984741211,1418600.0,44.7211799621582
2016-06-16,51.36000061035156,50.869998931884766,50.91999816894531,51.20000076293945,1115200.0,44.97593688964844
2016-06-17,51.310001373291016,50.66999816894531,51.02000045776367,51.27000045776367,1587200.0,45.037418365478516
2016-06-20,51.560001373291016,50.79999923706055,51.400001525878906,51.349998474121094,1836200.0,45.107696533203125
2016-06-21,51.599998474121094,50.9900016784668,51.2599983215332,51.369998931884766,1003700.0,45.12526321411133
2016-06-22,51.47999954223633,51.130001068115234,51.43000030517578,51.2599983215332,1053100.0,45.028621673583984
2016-06-23,51.5,51.04999923706055,51.2599983215332,51.5,1035600.0,45.23946762084961
2016-06-24,52.310001373291016,50.849998474121094,51.7400016784668,51.790000915527344,2136400.0,45.49420928955078
2016-06-27,52.61000061035156,51.5,51.72999954223633,52.310001373291016,1956900.0,45.95098876953125
2016-06-28,52.59000015258789,51.810001373291016,52.59000015258789,52.279998779296875,1875000.0,45.92464065551758
2016-06-29,52.689998626708984,52.119998931884766,52.27000045776367,52.5,1767900.0,46.11790466308594
2016-06-30,53.59000015258789,52.470001220703125,52.63999938964844,53.58000183105469,2390700.0,47.06660461425781
2016-07-01,53.93000030517578,53.15999984741211,53.77000045776367,53.75,1518300.0,47.215938568115234
2016-07-05,54.08000183105469,53.599998474121094,53.75,53.7599983215332,3291200.0,47.2247314453125
2016-07-06,53.90999984741211,53.09000015258789,53.7599983215332,53.77000045776367,2390600.0,47.233516693115234
2016-07-07,53.630001068115234,52.470001220703125,53.630001068115234,52.650001525878906,2643200.0,46.249664306640625
2016-07-08,53.18000030517578,51.97999954223633,52.41999816894531,53.150001525878906,1782700.0,46.68888854980469
2016-07-11,53.09000015258789,52.380001068115234,52.93000030517578,52.939998626708984,1680100.0,46.50440216064453
2016-07-12,52.849998474121094,52.310001373291016,52.5099983215332,52.459999084472656,1874000.0,46.08275604248047
2016-07-13,52.90999984741211,52.52000045776367,52.72999954223633,52.880001068115234,1160800.0,46.45170211791992
2016-07-14,52.70000076293945,50.650001525878906,52.560001373291016,52.2400016784668,1263900.0,45.88949966430664
2016-07-15,52.61000061035156,52.279998779296875,52.34000015258789,52.5099983215332,1202500.0,46.126678466796875
2016-07-18,52.72999954223633,52.45000076293945,52.52000045776367,52.5099983215332,998100.0,46.126678466796875
2016-07-19,52.70000076293945,52.130001068115234,52.66999816894531,52.34000015258789,1015000.0,45.97734832763672
2016-07-20,52.369998931884766,52.0,52.34000015258789,52.209999084472656,827400.0,45.863155364990234
2016-07-21,52.279998779296875,51.68000030517578,52.040000915527344,52.2400016784668,2180800.0,45.88949966430664
2016-07-22,52.970001220703125,52.2400016784668,52.2400016784668,52.869998931884766,1712000.0,46.44291305541992
2016-07-25,52.939998626708984,52.41999816894531,52.83000183105469,52.70000076293945,773200.0,46.29358673095703
2016-07-26,52.849998474121094,51.95000076293945,52.849998474121094,52.220001220703125,1196600.0,45.87194061279297
2016-07-27,52.25,51.2599983215332,52.060001373291016,51.77000045776367,1536900.0,45.47663879394531
2016-07-28,52.209999084472656,51.630001068115234,51.779998779296875,52.150001525878906,924100.0,45.81045150756836
2016-07-29,52.65999984741211,52.08000183105469,52.16999816894531,52.439998626708984,1206800.0,46.065181732177734
2016-08-01,52.59000015258789,52.2400016784668,52.43000030517578,52.52000045776367,1495400.0,46.135459899902344
2016-08-02,52.41999816894531,51.88999938964844,51.970001220703125,52.16999816894531,1020300.0,45.82801055908203
2016-08-03,52.130001068115234,51.369998931884766,52.08000183105469,51.650001525878906,1771500.0,45.3712272644043
2016-08-04,52.189998626708984,51.619998931884766,51.709999084472656,51.84000015258789,1474200.0,45.53813171386719
2016-08-05,52.25,50.869998931884766,51.97999954223633,51.0,2196700.0,44.80024337768555
2016-08-08,51.5099983215332,50.869998931884766,51.099998474121094,50.939998626708984,1279000.0,44.7475471496582
2016-08-09,51.2400016784668,50.720001220703125,50.86000061035156,50.939998626708984,912600.0,44.7475471496582
2016-08-10,51.220001220703125,50.869998931884766,51.060001373291016,51.02000045776367,975100.0,44.817813873291016
2016-08-11,51.15999984741211,50.709999084472656,51.02000045776367,51.02000045776367,875200.0,44.817813873291016
2016-08-12,51.4900016784668,51.029998779296875,51.22999954223633,51.04999923706055,1160300.0,44.84416580200195
2016-08-15,51.209999084472656,50.380001068115234,51.0,50.40999984741211,977500.0,44.2819709777832
2016-08-16,50.310001373291016,49.79999923706055,50.27000045776367,49.81999969482422,1726500.0,43.76368713378906
2016-08-17,50.84000015258789,49.34000015258789,49.7400016784668,50.709999084472656,2004800.0,44.54549789428711
2016-08-18,51.349998474121094,50.65999984741211,50.709999084472656,51.349998474121094,1477500.0,45.107696533203125
2016-08-19,51.2599983215332,50.2599983215332,51.2400016784668,50.56999969482422,1371400.0,44.42251205444336
2016-08-22,50.900001525878906,50.58000183105469,50.70000076293945,50.650001525878906,1284000.0,44.49279022216797
2016-08-23,51.08000183105469,50.41999816894531,50.7400016784668,50.41999816894531,820700.0,44.29074478149414
2016-08-24,50.4900016784668,49.95000076293945,50.290000915527344,50.31999969482422,1550500.0,44.20289993286133
2016-08-25,50.58000183105469,50.310001373291016,50.380001068115234,50.439998626708984,931600.0,44.308319091796875
2016-08-26,50.75,49.36000061035156,50.4900016784668,49.400001525878906,1397800.0,43.39474105834961
2016-08-29,49.91999816894531,49.5099983215332,49.5099983215332,49.77000045776367,1473000.0,43.719764709472656
2016-08-30,50.040000915527344,49.25,49.75,49.29999923706055,974400.0,43.30690002441406
2016-08-31,49.52000045776367,49.150001525878906,49.33000183105469,49.41999816894531,1449400.0,43.412315368652344
2016-09-01,49.5,49.08000183105469,49.400001525878906,49.150001525878906,1292800.0,43.175132751464844
2016-09-02,49.66999816894531,49.02000045776367,49.150001525878906,49.65999984741211,1898600.0,43.623138427734375
2016-09-06,49.970001220703125,49.279998779296875,49.52000045776367,49.84000015258789,1282400.0,44.1591796875
2016-09-07,50.060001373291016,49.58000183105469,49.790000915527344,50.02000045776367,1073300.0,44.31866455078125
2016-09-08,50.2400016784668,49.619998931884766,49.900001525878906,49.849998474121094,1469600.0,44.16804504394531
2016-09-09,49.5099983215332,48.029998779296875,49.439998626708984,48.060001373291016,1926300.0,42.58207321166992
2016-09-12,48.93000030517578,48.0,48.08000183105469,48.86000061035156,1814900.0,43.29087829589844
2016-09-13,48.7599983215332,47.790000915527344,48.72999954223633,48.099998474121094,1773900.0,42.617515563964844
2016-09-14,48.72999954223633,48.08000183105469,48.22999954223633,48.4900016784668,1295700.0,42.96305847167969
2016-09-15,48.79999923706055,48.220001220703125,48.38999938964844,48.650001525878906,1523100.0,43.104827880859375
2016-09-16,49.45000076293945,48.2400016784668,48.540000915527344,49.380001068115234,2038400.0,43.75161361694336
2016-09-19,50.04999923706055,49.36000061035156,49.4900016784668,50.040000915527344,1841600.0,44.33639144897461
2016-09-20,50.68000030517578,50.09000015258789,50.220001220703125,50.099998474121094,1394200.0,44.38954544067383
2016-09-21,51.20000076293945,50.02000045776367,50.04999923706055,51.13999938964844,1602600.0,45.311004638671875
2016-09-22,51.470001220703125,50.86000061035156,51.34000015258789,51.40999984741211,1273300.0,45.55023193359375
2016-09-23,51.86000061035156,50.9900016784668,51.220001220703125,51.70000076293945,1576300.0,45.80717849731445
2016-09-26,51.7599983215332,51.290000915527344,51.689998626708984,51.47999954223633,1164200.0,45.612247467041016
2016-09-27,51.90999984741211,50.470001220703125,51.7599983215332,50.560001373291016,1541000.0,44.797119140625
2016-09-28,50.810001373291016,49.779998779296875,50.72999954223633,50.36000061035156,2037800.0,44.61991882324219
2016-09-29,50.209999084472656,49.290000915527344,50.11000061035156,49.599998474121094,1491500.0,43.946529388427734
2016-09-30,49.95000076293945,48.900001525878906,49.72999954223633,49.18000030517578,2012800.0,43.574405670166016
2016-10-03,49.08000183105469,48.18000030517578,48.970001220703125,48.630001068115234,1567500.0,43.08711242675781
2016-10-04,48.52000045776367,47.029998779296875,48.5099983215332,47.380001068115234,3360900.0,41.97957229614258
2016-10-05,47.95000076293945,47.279998779296875,47.5099983215332,47.709999084472656,4074600.0,42.271949768066406
2016-10-06,47.83000183105469,47.209999084472656,47.470001220703125,47.59000015258789,1230300.0,42.1656379699707
2016-10-07,48.33000183105469,47.369998931884766,47.97999954223633,47.43000030517578,1472300.0,42.02388000488281
2016-10-10,47.790000915527344,47.40999984741211,47.5,47.70000076293945,1352300.0,42.263099670410156
2016-10-11,47.689998626708984,46.86000061035156,47.5,46.880001068115234,1444200.0,41.536563873291016
2016-10-12,47.709999084472656,46.84000015258789,46.959999084472656,47.59000015258789,2038500.0,42.1656379699707
2016-10-13,48.41999816894531,47.540000915527344,47.63999938964844,48.040000915527344,1801200.0,42.56434631347656
2016-10-14,48.29999923706055,47.66999816894531,47.81999969482422,48.029998779296875,1658200.0,42.555484771728516
2016-10-17,48.38999938964844,47.880001068115234,48.22999954223633,48.18000030517578,1030300.0,42.688385009765625
2016-10-18,48.95000076293945,47.959999084472656,48.45000076293945,48.90999984741211,1076100.0,43.33518600463867
2016-10-19,48.88999938964844,48.4900016784668,48.790000915527344,48.70000076293945,1221900.0,43.14912796020508
2016-10-20,48.9900016784668,48.5,48.70000076293945,48.619998931884766,758000.0,43.07823944091797
2016-10-21,48.630001068115234,48.15999984741211,48.36000061035156,48.470001220703125,1069100.0,42.94532775878906
2016-10-24,48.93000030517578,48.33000183105469,48.720001220703125,48.650001525878906,997400.0,43.104827880859375
2016-10-25,49.040000915527344,48.40999984741211,48.47999954223633,49.029998779296875,1285600.0,43.44150161743164
2016-10-26,49.220001220703125,48.63999938964844,49.0,49.099998474121094,696200.0,43.50352096557617
2016-10-27,49.09000015258789,48.45000076293945,48.88999938964844,48.7400016784668,1114500.0,43.184566497802734
2016-10-28,49.2400016784668,48.70000076293945,48.81999969482422,48.869998931884766,1939000.0,43.299747467041016
2016-10-31,50.25,48.970001220703125,49.150001525878906,49.95000076293945,1469000.0,44.25664520263672
2016-11-01,49.959999084472656,49.119998931884766,49.959999084472656,49.16999816894531,1382000.0,43.5655517578125
2016-11-02,49.099998474121094,48.2400016784668,49.099998474121094,48.650001525878906,1293500.0,43.104827880859375
2016-11-03,49.25,48.36000061035156,48.540000915527344,49.06999969482422,1527900.0,43.47694396972656
2016-11-04,50.27000045776367,49.27000045776367,49.95000076293945,49.36000061035156,1733000.0,43.7338981628418
2016-11-07,50.83000183105469,49.380001068115234,49.75,50.810001373291016,1779800.0,45.018619537353516
2016-11-08,51.459999084472656,50.7599983215332,50.93000030517578,51.209999084472656,1400300.0,45.37302017211914
2016-11-09,49.9900016784668,48.970001220703125,49.79999923706055,49.04999923706055,1905400.0,43.45921325683594
2016-11-10,48.709999084472656,47.279998779296875,48.709999084472656,47.79999923706055,2323700.0,42.35170364379883
2016-11-11,48.45000076293945,47.61000061035156,47.79999923706055,47.77000045776367,2161700.0,42.32512283325195
2016-11-14,48.66999816894531,46.970001220703125,47.4900016784668,48.619998931884766,3519200.0,43.07823944091797
2016-11-15,49.470001220703125,48.650001525878906,48.880001068115234,49.27000045776367,2124700.0,43.654151916503906
2016-11-16,49.52000045776367,48.189998626708984,49.36000061035156,48.470001220703125,1642500.0,42.94532775878906
2016-11-17,48.810001373291016,48.290000915527344,48.36000061035156,48.5099983215332,1438900.0,42.98077392578125
2016-11-18,48.81999969482422,48.279998779296875,48.43000030517578,48.47999954223633,1224400.0,42.954193115234375
2016-11-21,49.119998931884766,48.470001220703125,48.529998779296875,48.84000015258789,867000.0,43.27315902709961
2016-11-22,49.529998779296875,48.77000045776367,48.91999816894531,49.43000030517578,1542400.0,43.795902252197266
2016-11-23,49.439998626708984,48.83000183105469,48.849998474121094,49.06999969482422,1348300.0,43.47694396972656
2016-11-25,50.09000015258789,49.13999938964844,49.220001220703125,49.9900016784668,616600.0,44.292083740234375
2016-11-28,51.209999084472656,50.130001068115234,50.150001525878906,51.08000183105469,1825400.0,45.257850646972656
2016-11-29,51.369998931884766,50.68000030517578,50.810001373291016,50.93000030517578,1500400.0,45.124942779541016
2016-11-30,50.34000015258789,49.119998931884766,49.470001220703125,49.119998931884766,1962900.0,43.521240234375
2016-12-01,49.0,48.31999969482422,48.849998474121094,48.90999984741211,1464500.0,43.33518600463867
2016-12-02,49.9900016784668,49.220001220703125,49.220001220703125,49.65999984741211,1749700.0,43.99970245361328
2016-12-05,49.18000030517578,48.40999984741211,49.09000015258789,49.15999984741211,1324900.0,43.94606018066406
2016-12-06,49.56999969482422,49.119998931884766,49.31999969482422,49.34000015258789,1625000.0,44.106971740722656
2016-12-07,50.189998626708984,49.41999816894531,49.58000183105469,49.880001068115234,2040900.0,44.58969497680664
2016-12-08,49.970001220703125,48.79999923706055,49.38999938964844,49.81999969482422,1261700.0,44.53605651855469
2016-12-09,50.72999954223633,49.75,49.81999969482422,50.72999954223633,2790800.0,45.34953689575195
2016-12-12,51.400001525878906,50.349998474121094,50.56999969482422,51.34000015258789,1823700.0,45.89485168457031
2016-12-13,51.939998626708984,51.15999984741211,51.369998931884766,51.91999816894531,1550600.0,46.413330078125
2016-12-14,52.36000061035156,50.63999938964844,52.029998779296875,50.70000076293945,1349000.0,45.322731018066406
2016-12-15,51.22999954223633,50.36000061035156,50.58000183105469,51.099998474121094,1059500.0,45.680301666259766
2016-12-16,51.849998474121094,51.130001068115234,51.130001068115234,51.599998474121094,1852400.0,46.12727355957031
2016-12-19,52.16999816894531,51.459999084472656,51.939998626708984,51.88999938964844,958600.0,46.386512756347656
2016-12-20,52.349998474121094,51.720001220703125,51.91999816894531,52.189998626708984,918300.0,46.654693603515625
2016-12-21,52.529998779296875,51.93000030517578,52.16999816894531,51.95000076293945,832800.0,46.44015121459961
2016-12-22,52.45000076293945,51.66999816894531,51.970001220703125,52.40999984741211,965000.0,46.85136413574219
2016-12-23,52.63999938964844,52.25,52.5,52.45000076293945,597600.0,46.887123107910156
2016-12-27,52.7599983215332,52.22999954223633,52.43000030517578,52.560001373291016,632900.0,46.98545455932617
2016-12-28,52.58000183105469,51.7400016784668,52.58000183105469,51.81999969482422,615100.0,46.32392501831055
2016-12-29,52.70000076293945,51.959999084472656,52.27000045776367,52.560001373291016,922600.0,46.98545455932617
2016-12-30,52.880001068115234,52.25,52.4900016784668,52.459999084472656,950700.0,46.89606857299805
2017-01-03,52.59000015258789,51.93000030517578,52.59000015258789,52.380001068115234,1107200.0,46.824546813964844
2017-01-04,52.91999816894531,52.22999954223633,52.45000076293945,52.439998626708984,1114300.0,46.878177642822266
2017-01-05,52.7599983215332,51.90999984741211,52.45000076293945,52.70000076293945,2256100.0,47.110599517822266
2017-01-06,53.400001525878906,52.40999984741211,52.470001220703125,53.099998474121094,1883800.0,47.468177795410156
2017-01-09,53.220001220703125,51.900001525878906,53.130001068115234,51.9900016784668,1588300.0,46.47590255737305
2017-01-10,52.45000076293945,51.65999984741211,52.04999923706055,51.970001220703125,1286600.0,46.45803451538086
2017-01-11,52.439998626708984,51.88999938964844,51.900001525878906,52.20000076293945,1674100.0,46.663631439208984
2017-01-12,52.38999938964844,51.810001373291016,52.189998626708984,51.959999084472656,1470200.0,46.449092864990234
2017-01-13,52.09000015258789,51.70000076293945,51.900001525878906,51.970001220703125,905500.0,46.45803451538086
2017-01-17,52.599998474121094,52.0099983215332,52.060001373291016,52.54999923706055,1052400.0,46.97651672363281
2017-01-18,52.65999984741211,52.2400016784668,52.38999938964844,52.36000061035156,880600.0,46.806663513183594
2017-01-19,52.31999969482422,51.650001525878906,52.16999816894531,51.810001373291016,915700.0,46.315006256103516
2017-01-20,52.400001525878906,51.779998779296875,51.90999984741211,52.04999923706055,806100.0,46.52954864501953
2017-01-23,52.400001525878906,51.93000030517578,52.15999984741211,51.97999954223633,665400.0,46.46696853637695
2017-01-24,52.2400016784668,51.790000915527344,51.90999984741211,52.060001373291016,1129900.0,46.53847885131836
2017-01-25,52.06999969482422,51.61000061035156,51.84000015258789,51.900001525878906,974400.0,46.39545440673828
2017-01-26,52.279998779296875,51.720001220703125,51.91999816894531,52.08000183105469,1061900.0,46.55636215209961
2017-01-27,52.29999923706055,51.66999816894531,52.2400016784668,51.81999969482422,649600.0,46.32392501831055
2017-01-30,52.0099983215332,51.349998474121094,52.0099983215332,51.689998626708984,592900.0,46.20772171020508
2017-01-31,52.65999984741211,51.63999938964844,51.720001220703125,52.650001525878906,1460100.0,47.065914154052734
2017-02-01,52.63999938964844,51.61000061035156,52.2400016784668,51.75,1076900.0,46.2613639831543
2017-02-02,52.619998931884766,51.689998626708984,51.86000061035156,52.59000015258789,1032200.0,47.012271881103516
2017-02-03,52.970001220703125,52.540000915527344,52.779998779296875,52.689998626708984,623300.0,47.10165786743164
2017-02-06,52.97999954223633,52.529998779296875,52.869998931884766,52.650001525878906,874700.0,47.065914154052734
2017-02-07,52.880001068115234,52.560001373291016,52.7400016784668,52.68000030517578,544300.0,47.09272384643555
2017-02-08,53.2400016784668,52.77000045776367,52.810001373291016,53.119998931884766,943300.0,47.48605728149414
2017-02-09,53.31999969482422,52.470001220703125,53.060001373291016,52.900001525878906,1261500.0,47.289398193359375
2017-02-10,53.04999923706055,52.58000183105469,52.720001220703125,52.93000030517578,1060100.0,47.31621551513672
2017-02-13,53.209999084472656,52.63999938964844,52.93000030517578,53.04999923706055,1404000.0,47.42348098754883
2017-02-14,52.90999984741211,52.2599983215332,52.90999984741211,52.650001525878906,1416700.0,47.065914154052734
2017-02-15,52.59000015258789,51.810001373291016,52.13999938964844,52.540000915527344,2209500.0,46.96757125854492
2017-02-16,53.08000183105469,52.0,52.0099983215332,52.939998626708984,2248200.0,47.325138092041016
2017-02-17,53.47999954223633,52.900001525878906,53.099998474121094,53.369998931884766,1846800.0,47.709537506103516
2017-02-21,53.970001220703125,53.099998474121094,53.220001220703125,53.88999938964844,1461800.0,48.17438888549805
2017-02-22,54.099998474121094,53.5,53.83000183105469,53.970001220703125,1145100.0,48.245906829833984
2017-02-23,54.27000045776367,53.689998626708984,54.22999954223633,54.06999969482422,1456100.0,48.33530044555664
2017-02-24,54.599998474121094,54.029998779296875,54.13999938964844,54.58000183105469,2108800.0,48.79121017456055
2017-02-27,54.59000015258789,53.880001068115234,54.54999923706055,54.290000915527344,1616000.0,48.5319709777832
2017-02-28,54.83000183105469,54.099998474121094,54.15999984741211,54.689998626708984,2668600.0,48.889549255371094
2017-03-01,55.06999969482422,53.869998931884766,54.029998779296875,54.7599983215332,1674900.0,48.952117919921875
2017-03-02,55.5099983215332,54.400001525878906,54.529998779296875,55.119998931884766,906400.0,49.2739372253418
2017-03-03,55.220001220703125,54.43000030517578,55.130001068115234,54.88999938964844,920800.0,49.06834030151367
2017-03-06,55.15999984741211,54.65999984741211,54.849998474121094,54.88999938964844,1138200.0,49.06834030151367
2017-03-07,54.970001220703125,54.709999084472656,54.86000061035156,54.81999969482422,1005200.0,49.00575637817383
2017-03-08,54.4900016784668,53.970001220703125,54.279998779296875,54.119998931884766,1061800.0,48.3800048828125
2017-03-09,54.529998779296875,54.11000061035156,54.2599983215332,54.119998931884766,1288000.0,48.3800048828125
2017-03-10,54.220001220703125,53.47999954223633,53.97999954223633,53.88999938964844,1891100.0,48.56926345825195
2017-03-13,54.25,53.7599983215332,53.84000015258789,54.189998626708984,1718200.0,48.83964920043945
2017-03-14,54.29999923706055,53.900001525878906,54.16999816894531,54.02000045776367,1685400.0,48.686431884765625
2017-03-15,55.02000045776367,54.13999938964844,54.22999954223633,54.790000915527344,1407800.0,49.380401611328125
2017-03-16,54.619998931884766,54.119998931884766,54.470001220703125,54.349998474121094,1388300.0,48.98385238647461
2017-03-17,55.279998779296875,54.380001068115234,54.43000030517578,55.04999923706055,2346100.0,49.6147346496582
2017-03-20,55.22999954223633,54.52000045776367,55.060001373291016,54.689998626708984,1380000.0,49.290283203125
2017-03-21,55.61000061035156,54.61000061035156,54.61000061035156,55.4900016784668,1377100.0,50.01129150390625
2017-03-22,56.20000076293945,55.54999923706055,55.7400016784668,56.040000915527344,1776600.0,50.50698471069336
2017-03-23,56.5,55.810001373291016,55.86000061035156,56.04999923706055,1924400.0,50.515995025634766
2017-03-24,56.43000030517578,55.86000061035156,56.029998779296875,56.189998626708984,1141500.0,50.64217758178711
2017-03-27,56.56999969482422,55.970001220703125,56.41999816894531,56.04999923706055,1083300.0,50.515995025634766
2017-03-28,56.439998626708984,54.88999938964844,55.939998626708984,55.310001373291016,5066700.0,49.84907150268555
2017-03-29,55.349998474121094,54.83000183105469,55.20000076293945,55.130001068115234,1996800.0,49.68683624267578
2017-03-30,54.9900016784668,54.47999954223633,54.959999084472656,54.689998626708984,1310100.0,49.290283203125
2017-03-31,54.90999984741211,54.5,54.560001373291016,54.59000015258789,2105200.0,49.20014953613281
2017-04-03,54.59000015258789,54.13999938964844,54.52000045776367,54.56999969482422,1428700.0,49.18212890625
2017-04-04,55.040000915527344,54.4900016784668,54.630001068115234,54.720001220703125,977800.0,49.317317962646484
2017-04-05,55.09000015258789,54.38999938964844,54.61000061035156,55.04999923706055,2026700.0,49.6147346496582
2017-04-06,55.15999984741211,54.599998474121094,55.040000915527344,54.709999084472656,2280300.0,49.30830383300781
2017-04-07,54.959999084472656,54.470001220703125,54.83000183105469,54.52000045776367,1870100.0,49.13706588745117
2017-04-10,54.7599983215332,54.189998626708984,54.54999923706055,54.709999084472656,1156700.0,49.30830383300781
2017-04-11,54.86000061035156,54.290000915527344,54.5,54.790000915527344,1522700.0,49.380401611328125
2017-04-12,55.41999816894531,54.560001373291016,54.70000076293945,55.38999938964844,2243100.0,49.92116928100586
2017-04-13,55.36000061035156,54.72999954223633,55.36000061035156,54.9900016784668,1885800.0,49.56065368652344
2017-04-17,55.4900016784668,54.93000030517578,55.16999816894531,55.43000030517578,2073800.0,49.957218170166016
2017-04-18,55.65999984741211,55.189998626708984,55.470001220703125,55.34000015258789,1139300.0,49.8760986328125
2017-04-19,55.40999984741211,54.709999084472656,55.25,54.88999938964844,1045700.0,49.47053527832031
2017-04-20,54.88999938964844,54.029998779296875,54.88999938964844,54.540000915527344,2445600.0,49.155086517333984
2017-04-21,55.22999954223633,54.459999084472656,54.52000045776367,55.09000015258789,1262600.0,49.650779724121094
2017-04-24,55.68000030517578,54.779998779296875,55.2599983215332,55.43000030517578,1463900.0,49.957218170166016
2017-04-25,55.380001068115234,54.869998931884766,55.20000076293945,55.08000183105469,1806700.0,49.64177322387695
2017-04-26,55.52000045776367,54.790000915527344,54.939998626708984,55.15999984741211,1794400.0,49.71387481689453
2017-04-27,55.38999938964844,54.970001220703125,55.09000015258789,55.029998779296875,1245500.0,49.596710205078125
2017-04-28,55.11000061035156,54.47999954223633,54.9900016784668,54.689998626708984,1102800.0,49.290283203125
2017-05-01,54.810001373291016,54.06999969482422,54.790000915527344,54.27000045776367,1088400.0,48.91175079345703
2017-05-02,54.630001068115234,53.939998626708984,54.45000076293945,54.25,1837100.0,48.89371871948242
2017-05-03,54.689998626708984,54.16999816894531,54.22999954223633,54.2400016784668,1592400.0,48.88470458984375
2017-05-04,54.849998474121094,53.720001220703125,54.369998931884766,54.810001373291016,1469500.0,49.3984375
2017-05-05,55.119998931884766,54.709999084472656,54.95000076293945,54.779998779296875,1210600.0,49.371395111083984
2017-05-08,54.95000076293945,54.439998626708984,54.79999923706055,54.630001068115234,875500.0,49.2362060546875
2017-05-09,54.689998626708984,54.13999938964844,54.630001068115234,54.209999084472656,936500.0,48.857666015625
2017-05-10,54.54999923706055,54.150001525878906,54.2400016784668,54.45000076293945,1025400.0,49.073978424072266
2017-05-11,54.45000076293945,53.869998931884766,54.310001373291016,54.45000076293945,1220400.0,49.073978424072266
2017-05-12,55.09000015258789,54.470001220703125,54.470001220703125,54.93000030517578,1316300.0,49.50657653808594
2017-05-15,55.20000076293945,54.790000915527344,54.86000061035156,55.16999816894531,1080900.0,49.72288513183594
2017-05-16,55.31999969482422,54.599998474121094,55.099998474121094,54.65999984741211,1650900.0,49.263240814208984
2017-05-17,54.97999954223633,54.40999984741211,54.65999984741211,54.43000030517578,2385200.0,49.05595397949219
2017-05-18,55.349998474121094,54.220001220703125,54.63999938964844,55.29999923706055,3231000.0,49.84004592895508
2017-05-19,55.880001068115234,54.849998474121094,55.279998779296875,55.599998474121094,1980600.0,50.11042785644531
2017-05-22,56.529998779296875,55.47999954223633,55.47999954223633,56.41999816894531,2605600.0,50.84946823120117
2017-05-23,57.09000015258789,56.369998931884766,56.5099983215332,56.459999084472656,2437400.0,50.885520935058594
2017-05-24,56.5,55.91999816894531,56.31999969482422,56.13999938964844,3260200.0,50.597110748291016
2017-05-25,56.2400016784668,55.209999084472656,55.720001220703125,56.04999923706055,2165400.0,50.515995025634766
2017-05-26,56.209999084472656,55.880001068115234,55.9900016784668,56.150001525878906,1187800.0,50.60613250732422
2017-05-30,56.56999969482422,55.869998931884766,56.16999816894531,56.459999084472656,1189900.0,50.885520935058594
2017-05-31,56.959999084472656,56.56999969482422,56.56999969482422,56.75,2086000.0,51.146888732910156
2017-06-01,56.88999938964844,56.41999816894531,56.75,56.79999923706055,2592100.0,51.19194793701172
2017-06-02,57.209999084472656,56.54999923706055,57.029998779296875,57.16999816894531,1508300.0,51.525421142578125
2017-06-05,57.15999984741211,56.869998931884766,57.119998931884766,56.880001068115234,823600.0,51.26405334472656
2017-06-06,57.209999084472656,56.77000045776367,57.0,56.81999969482422,1091200.0,51.20997619628906
2017-06-07,57.13999938964844,56.779998779296875,56.970001220703125,56.88999938964844,1362000.0,51.27306365966797
2017-06-08,56.88999938964844,55.869998931884766,56.88999938964844,56.349998474121094,1367300.0,50.786380767822266
2017-06-09,56.41999816894531,56.02000045776367,56.130001068115234,56.290000915527344,1169300.0,50.7323112487793
2017-06-12,56.16999816894531,55.79999923706055,56.0099983215332,56.130001068115234,1463800.0,50.98664855957031
2017-06-13,56.34000015258789,55.810001373291016,56.0099983215332,56.290000915527344,1024800.0,51.13199234008789
2017-06-14,56.900001525878906,56.220001220703125,56.66999816894531,56.40999984741211,755500.0,51.240989685058594
2017-06-15,56.630001068115234,56.22999954223633,56.40999984741211,56.47999954223633,1909100.0,51.30457305908203
2017-06-16,57.08000183105469,56.5099983215332,56.5099983215332,57.08000183105469,1802200.0,51.8495979309082
2017-06-19,57.13999938964844,56.599998474121094,57.13999938964844,56.790000915527344,811200.0,51.58616638183594
2017-06-20,57.099998474121094,56.68000030517578,56.84000015258789,57.09000015258789,1087200.0,51.85868453979492
2017-06-21,57.15999984741211,56.150001525878906,57.06999969482422,56.470001220703125,1136900.0,51.295494079589844
2017-06-22,56.52000045776367,56.2400016784668,56.40999984741211,56.27000045776367,840600.0,51.113826751708984
2017-06-23,56.45000076293945,55.84000015258789,56.27000045776367,55.939998626708984,973300.0,50.814056396484375
2017-06-26,56.63999938964844,55.68000030517578,55.720001220703125,56.43000030517578,1393000.0,51.2591552734375
2017-06-27,56.4900016784668,55.70000076293945,56.189998626708984,55.88999938964844,2075600.0,50.76863479614258
2017-06-28,56.310001373291016,55.27000045776367,56.11000061035156,55.33000183105469,1082800.0,50.259952545166016
2017-06-29,55.0,54.47999954223633,54.900001525878906,54.70000076293945,1567900.0,49.687686920166016
2017-06-30,54.959999084472656,54.380001068115234,54.72999954223633,54.66999816894531,1944800.0,49.66042709350586
2017-07-03,54.91999816894531,54.130001068115234,54.849998474121094,54.130001068115234,800000.0,49.169918060302734
2017-07-05,54.20000076293945,53.54999923706055,54.119998931884766,53.86000061035156,1475500.0,48.924659729003906
2017-07-06,53.81999969482422,53.540000915527344,53.70000076293945,53.75,1082600.0,48.82473373413086
2017-07-07,54.380001068115234,53.72999954223633,53.77000045776367,54.13999938964844,1156400.0,49.17899703979492
2017-07-10,54.40999984741211,53.900001525878906,54.189998626708984,53.95000076293945,1679700.0,49.006404876708984
2017-07-11,54.040000915527344,53.59000015258789,54.0099983215332,53.810001373291016,862100.0,48.879234313964844
2017-07-12,54.52000045776367,54.150001525878906,54.29999923706055,54.400001525878906,1144700.0,49.4151725769043
2017-07-13,54.369998931884766,53.790000915527344,54.369998931884766,54.09000015258789,1431100.0,49.13357162475586
2017-07-14,54.630001068115234,54.22999954223633,54.47999954223633,54.43000030517578,720500.0,49.44242858886719
2017-07-17,55.0099983215332,54.18000030517578,54.470001220703125,54.88999938964844,2809200.0,49.86027526855469
2017-07-18,55.540000915527344,54.810001373291016,54.939998626708984,55.36000061035156,2213400.0,50.287200927734375
2017-07-19,55.68000030517578,55.220001220703125,55.43000030517578,55.65999984741211,1134300.0,50.55971145629883
2017-07-20,56.290000915527344,55.650001525878906,55.86000061035156,56.13999938964844,1198300.0,50.9957275390625
2017-07-21,56.58000183105469,56.04999923706055,56.09000015258789,56.529998779296875,1243900.0,51.349998474121094
2017-07-24,56.66999816894531,55.79999923706055,56.52000045776367,55.91999816894531,1231400.0,50.79589080810547
2017-07-25,55.97999954223633,55.599998474121094,55.970001220703125,55.79999923706055,912900.0,50.68688201904297
2017-07-26,56.400001525878906,55.65999984741211,55.77000045776367,56.34000015258789,706400.0,51.17740249633789
2017-07-27,56.380001068115234,55.86000061035156,56.189998626708984,56.27000045776367,1092200.0,51.113826751708984
2017-07-28,56.349998474121094,55.970001220703125,56.349998474121094,56.15999984741211,715900.0,51.01390075683594
2017-07-31,56.369998931884766,56.02000045776367,56.15999984741211,56.099998474121094,1185800.0,50.95940017700195
2017-08-01,56.66999816894531,56.15999984741211,56.20000076293945,56.529998779296875,1278900.0,51.349998474121094
2017-08-02,56.81999969482422,56.20000076293945,56.36000061035156,56.72999954223633,904400.0,51.53166580200195
2017-08-03,57.0,56.400001525878906,56.54999923706055,57.0,1611200.0,51.77693557739258
2017-08-04,57.650001525878906,56.2599983215332,57.0,57.5,1307000.0,52.231117248535156
2017-08-07,58.150001525878906,57.54999923706055,57.56999969482422,57.939998626708984,2400700.0,52.63078689575195
2017-08-08,58.75,57.83000183105469,57.849998474121094,58.43000030517578,1657800.0,53.07589340209961
2017-08-09,58.619998931884766,57.849998474121094,58.56999969482422,58.08000183105469,1881400.0,52.757965087890625
2017-08-10,58.61000061035156,57.84000015258789,58.099998474121094,58.540000915527344,1401600.0,53.17581558227539
2017-08-11,58.4900016784668,57.779998779296875,58.45000076293945,57.95000076293945,1106400.0,52.6398811340332
2017-08-14,58.52000045776367,57.90999984741211,58.130001068115234,58.45000076293945,896900.0,53.09405517578125
2017-08-15,58.83000183105469,58.22999954223633,58.22999954223633,58.83000183105469,1178100.0,53.439239501953125
2017-08-16,59.16999816894531,58.68000030517578,58.810001373291016,59.13999938964844,1088900.0,53.7208366394043
2017-08-17,59.33000183105469,58.84000015258789,59.119998931884766,58.90999984741211,1366100.0,53.51190948486328
2017-08-18,59.75,58.560001373291016,58.810001373291016,59.209999084472656,1759000.0,53.784420013427734
2017-08-21,59.36000061035156,59.060001373291016,59.310001373291016,59.2599983215332,1293900.0,53.829837799072266
2017-08-22,59.9900016784668,59.130001068115234,59.22999954223633,59.90999984741211,1736500.0,54.42028045654297
2017-08-23,60.2599983215332,59.77000045776367,59.869998931884766,60.25,999500.0,54.729122161865234
2017-08-24,60.40999984741211,60.040000915527344,60.20000076293945,60.2599983215332,738300.0,54.73820877075195
2017-08-25,60.58000183105469,60.2599983215332,60.47999954223633,60.369998931884766,1089100.0,54.83812713623047
2017-08-28,60.65999984741211,60.290000915527344,60.560001373291016,60.56999969482422,588400.0,55.019798278808594
2017-08-29,60.790000915527344,60.38999938964844,60.650001525878906,60.41999816894531,842700.0,54.88353729248047
2017-08-30,60.52000045776367,60.13999938964844,60.34000015258789,60.29999923706055,712200.0,54.774539947509766
2017-08-31,60.54999923706055,59.869998931884766,60.29999923706055,59.9900016784668,2029100.0,54.492942810058594
2017-09-01,60.369998931884766,59.560001373291016,60.16999816894531,59.79999923706055,1177900.0,54.32035827636719
2017-09-05,60.0,59.630001068115234,59.84000015258789,59.86000061035156,1174800.0,54.37485885620117
2017-09-06,60.0,59.400001525878906,59.970001220703125,59.470001220703125,1458300.0,54.020599365234375
2017-09-07,59.90999984741211,59.310001373291016,59.52000045776367,59.880001068115234,1361500.0,54.39302062988281
2017-09-08,60.279998779296875,59.540000915527344,59.939998626708984,60.09000015258789,920200.0,54.58378601074219
2017-09-11,60.90999984741211,60.0099983215332,60.119998931884766,60.90999984741211,1194800.0,55.328643798828125
2017-09-12,60.310001373291016,59.22999954223633,60.279998779296875,59.45000076293945,1794600.0,54.39536666870117
2017-09-13,59.29999923706055,58.63999938964844,59.29999923706055,58.88999938964844,2736300.0,53.88297653198242
2017-09-14,59.560001373291016,58.59000015258789,58.810001373291016,59.560001373291016,1650300.0,54.49601745605469
2017-09-15,60.060001373291016,59.38999938964844,59.849998474121094,59.810001373291016,2251600.0,54.724761962890625
2017-09-18,59.849998474121094,58.79999923706055,59.849998474121094,59.25,1030500.0,54.21237564086914
2017-09-19,59.369998931884766,58.9900016784668,59.349998474121094,59.25,1607900.0,54.21237564086914
2017-09-20,59.540000915527344,58.470001220703125,59.33000183105469,58.7400016784668,1412100.0,53.74573516845703
2017-09-21,59.18000030517578,58.630001068115234,58.81999969482422,58.810001373291016,766100.0,53.80978775024414
2017-09-22,59.040000915527344,58.34000015258789,59.040000915527344,58.5099983215332,1123600.0,53.5352897644043
2017-09-25,59.779998779296875,58.54999923706055,58.58000183105469,59.380001068115234,2353500.0,54.331321716308594
2017-09-26,59.38999938964844,58.88999938964844,59.25,59.13999938964844,1367000.0,54.11172866821289
2017-09-27,58.91999816894531,57.79999923706055,58.65999984741211,57.91999816894531,2112400.0,52.99545669555664
2017-09-28,58.68000030517578,57.560001373291016,57.7599983215332,58.36000061035156,1855600.0,53.39803695678711
2017-09-29,58.459999084472656,57.779998779296875,58.15999984741211,57.84000015258789,1838800.0,52.9222526550293
2017-10-02,58.619998931884766,57.93000030517578,58.13999938964844,58.38999938964844,1383000.0,53.42548751831055
2017-10-03,58.349998474121094,57.66999816894531,58.349998474121094,57.93000030517578,1154700.0,53.00460433959961
2017-10-04,58.61000061035156,57.869998931884766,57.97999954223633,58.54999923706055,1189500.0,53.5718879699707
2017-10-05,58.869998931884766,58.31999969482422,58.540000915527344,58.84000015258789,1447600.0,53.83723068237305
2017-10-06,58.900001525878906,58.369998931884766,58.54999923706055,58.779998779296875,1178700.0,53.78233337402344
2017-10-09,59.150001525878906,58.79999923706055,58.880001068115234,59.150001525878906,892600.0,54.120872497558594
2017-10-10,59.88999938964844,59.040000915527344,59.27000045776367,59.86000061035156,1555500.0,54.770511627197266
2017-10-11,60.2400016784668,59.54999923706055,59.81999969482422,59.779998779296875,1362500.0,54.69730758666992
2017-10-12,60.38999938964844,59.65999984741211,59.790000915527344,60.34000015258789,1287200.0,55.209693908691406
2017-10-13,60.7400016784668,60.040000915527344,60.4900016784668,60.40999984741211,1159300.0,55.273746490478516
2017-10-16,61.040000915527344,60.130001068115234,60.29999923706055,60.63999938964844,1575100.0,55.48419189453125
2017-10-17,61.040000915527344,60.41999816894531,60.41999816894531,60.95000076293945,1130400.0,55.76782989501953
2017-10-18,61.11000061035156,60.689998626708984,60.810001373291016,61.0099983215332,882200.0,55.82272720336914
2017-10-19,61.56999969482422,61.02000045776367,61.02000045776367,61.560001373291016,832300.0,56.325965881347656
2017-10-20,61.7400016784668,61.220001220703125,61.4900016784668,61.560001373291016,955300.0,56.325965881347656
2017-10-23,61.7599983215332,61.38999938964844,61.689998626708984,61.720001220703125,923100.0,56.47236633300781
2017-10-24,61.81999969482422,61.40999984741211,61.61000061035156,61.72999954223633,838400.0,56.48151779174805
2017-10-25,61.709999084472656,60.52000045776367,61.5,61.099998474121094,1736100.0,55.90507888793945
2017-10-26,61.959999084472656,61.22999954223633,61.5,61.380001068115234,1298000.0,56.16127395629883
2017-10-27,61.810001373291016,61.16999816894531,61.380001068115234,61.79999923706055,968100.0,56.545562744140625
2017-10-30,62.0,61.58000183105469,61.79999923706055,61.83000183105469,688900.0,56.5730094909668
2017-10-31,62.13999938964844,61.630001068115234,61.709999084472656,61.9900016784668,1127700.0,56.71940994262695
2017-11-01,62.040000915527344,61.47999954223633,61.97999954223633,61.79999923706055,1253900.0,56.545562744140625
2017-11-02,62.4900016784668,61.75,61.88999938964844,62.31999969482422,2550200.0,57.02135467529297
2017-11-03,62.83000183105469,61.4900016784668,61.58000183105469,62.189998626708984,1979000.0,56.902408599853516
2017-11-06,62.689998626708984,61.95000076293945,62.40999984741211,62.119998931884766,1466000.0,56.838356018066406
2017-11-07,63.0099983215332,62.0099983215332,62.34000015258789,62.869998931884766,1450800.0,57.52458953857422
2017-11-08,63.150001525878906,62.290000915527344,62.77000045776367,62.65999984741211,1693700.0,57.33244323730469
2017-11-09,62.900001525878906,62.189998626708984,62.400001525878906,62.81999969482422,1000700.0,57.47883605957031
2017-11-10,62.77000045776367,62.16999816894531,62.459999084472656,62.47999954223633,1239800.0,57.16773986816406
2017-11-13,63.41999816894531,62.540000915527344,62.630001068115234,63.38999938964844,844800.0,58.000370025634766
2017-11-14,64.69999694824219,63.119998931884766,63.2599983215332,64.54000091552734,1078600.0,59.052608489990234
2017-11-15,64.88999938964844,63.93000030517578,64.66999816894531,64.05000305175781,979000.0,58.60426712036133
2017-11-16,64.20999908447266,63.52000045776367,64.0,63.63999938964844,1138600.0,58.22911071777344
2017-11-17,63.79999923706055,63.22999954223633,63.43000030517578,63.29999923706055,1211800.0,57.91802215576172
2017-11-20,63.5099983215332,63.029998779296875,63.439998626708984,63.15999984741211,860800.0,57.78993225097656
2017-11-21,63.65999984741211,63.13999938964844,63.380001068115234,63.15999984741211,1119000.0,57.78993225097656
2017-11-22,63.310001373291016,62.619998931884766,63.20000076293945,62.91999816894531,925900.0,57.570335388183594
2017-11-24,63.279998779296875,62.88999938964844,63.209999084472656,62.97999954223633,395000.0,57.62523651123047
2017-11-27,63.599998474121094,62.959999084472656,63.119998931884766,63.38999938964844,1168400.0,58.000370025634766
2017-11-28,63.91999816894531,63.529998779296875,63.529998779296875,63.849998474121094,622400.0,58.4212646484375
2017-11-29,64.23999786376953,63.470001220703125,63.720001220703125,63.68000030517578,916900.0,58.265716552734375
2017-11-30,64.18000030517578,63.70000076293945,63.70000076293945,63.959999084472656,3716100.0,58.521915435791016
2017-12-01,64.36000061035156,63.369998931884766,64.19000244140625,63.75,1113100.0,58.329769134521484
2017-12-04,64.0199966430664,62.97999954223633,63.900001525878906,63.09000015258789,1700500.0,57.72587966918945
2017-12-05,63.33000183105469,62.060001373291016,63.150001525878906,62.47999954223633,1768800.0,57.16773986816406
2017-12-06,62.83000183105469,62.38999938964844,62.630001068115234,62.709999084472656,1355200.0,57.378196716308594
2017-12-07,62.7400016784668,62.31999969482422,62.7400016784668,62.66999816894531,740600.0,57.34159469604492
2017-12-08,63.209999084472656,62.36000061035156,62.5099983215332,63.189998626708984,1222300.0,57.8173828125
2017-12-11,63.709999084472656,62.900001525878906,62.900001525878906,63.65999984741211,787600.0,58.2474250793457
2017-12-12,63.150001525878906,61.29999923706055,63.09000015258789,61.36000061035156,1677400.0,56.54982376098633
2017-12-13,61.779998779296875,60.31999969482422,60.79999923706055,61.25,2028800.0,56.44843673706055
2017-12-14,61.27000045776367,60.599998474121094,61.150001525878906,60.83000183105469,1526800.0,56.06136703491211
2017-12-15,61.439998626708984,60.83000183105469,61.0,60.939998626708984,2832200.0,56.162742614746094
2017-12-18,61.220001220703125,60.15999984741211,60.939998626708984,60.40999984741211,1709700.0,55.674293518066406
2017-12-19,60.68000030517578,59.459999084472656,60.52000045776367,59.4900016784668,1536300.0,54.826416015625
2017-12-20,59.689998626708984,58.63999938964844,59.4900016784668,58.689998626708984,1856400.0,54.0891227722168
2017-12-21,58.849998474121094,58.290000915527344,58.52000045776367,58.369998931884766,1649500.0,53.79421615600586
2017-12-22,58.83000183105469,58.52000045776367,58.61000061035156,58.689998626708984,1032000.0,54.0891227722168
2017-12-26,58.97999954223633,58.279998779296875,58.720001220703125,58.29999923706055,598000.0,53.729698181152344
2017-12-27,58.75,58.349998474121094,58.689998626708984,58.70000076293945,1081800.0,54.098350524902344
2017-12-28,59.150001525878906,58.58000183105469,58.810001373291016,59.150001525878906,1123100.0,54.513065338134766
2017-12-29,59.439998626708984,58.97999954223633,59.2400016784668,58.9900016784668,1193000.0,54.36560821533203
2018-01-02,59.029998779296875,58.15999984741211,58.97999954223633,58.38999938964844,1313800.0,53.81264114379883
2018-01-03,58.63999938964844,57.81999969482422,58.15999984741211,58.09000015258789,1373800.0,53.53616714477539
2018-01-04,58.5,57.31999969482422,57.959999084472656,57.43000030517578,1647500.0,52.92789840698242
2018-01-05,57.810001373291016,57.22999954223633,57.619998931884766,57.38999938964844,1321500.0,52.89104080200195
2018-01-08,58.09000015258789,57.279998779296875,57.61000061035156,58.06999969482422,964200.0,53.51773452758789
2018-01-09,57.9900016784668,57.22999954223633,57.900001525878906,57.31999969482422,1165300.0,52.8265266418457
2018-01-10,57.08000183105469,56.38999938964844,56.97999954223633,56.47999954223633,1017500.0,52.05237579345703
2018-01-11,56.75,55.88999938964844,56.70000076293945,56.150001525878906,1497700.0,51.74824905395508
2018-01-12,56.189998626708984,55.41999816894531,55.959999084472656,55.52000045776367,1385100.0,51.167640686035156
2018-01-16,55.91999816894531,54.83000183105469,55.66999816894531,55.459999084472656,1684900.0,51.112335205078125
2018-01-17,55.939998626708984,55.29999923706055,55.63999938964844,55.790000915527344,1600800.0,51.41646194458008
2018-01-18,55.790000915527344,54.91999816894531,55.7599983215332,55.38999938964844,1807700.0,51.047828674316406
2018-01-19,55.790000915527344,55.11000061035156,55.61000061035156,55.15999984741211,1450000.0,50.835853576660156
2018-01-22,55.84000015258789,55.2599983215332,55.470001220703125,55.29999923706055,1065600.0,50.96487808227539
2018-01-23,56.380001068115234,55.279998779296875,55.310001373291016,56.06999969482422,1351100.0,51.67451858520508
2018-01-24,56.16999816894531,55.66999816894531,56.02000045776367,55.7400016784668,2683600.0,51.37038803100586
2018-01-25,56.849998474121094,55.68000030517578,55.7400016784668,56.7400016784668,1849100.0,52.291996002197266
2018-01-26,57.09000015258789,56.2599983215332,56.869998931884766,56.91999816894531,1616600.0,52.4578742980957
2018-01-29,56.630001068115234,55.86000061035156,56.59000015258789,55.880001068115234,1270400.0,51.49940490722656
2018-01-30,56.33000183105469,55.72999954223633,55.90999984741211,56.09000015258789,1299600.0,51.69295120239258
2018-01-31,56.7400016784668,55.779998779296875,56.119998931884766,56.630001068115234,2066600.0,52.190616607666016
2018-02-01,56.619998931884766,54.959999084472656,56.619998931884766,55.209999084472656,3167100.0,50.881935119628906
2018-02-02,55.40999984741211,54.77000045776367,54.90999984741211,54.88999938964844,1440600.0,50.58701705932617
2018-02-05,55.540000915527344,54.0099983215332,54.91999816894531,54.150001525878906,1921600.0,49.905033111572266
2018-02-06,53.65999984741211,51.88999938964844,53.52000045776367,53.0,2420800.0,48.84518051147461
2018-02-07,53.81999969482422,52.79999923706055,53.0,53.189998626708984,2669900.0,49.020286560058594
2018-02-08,54.29999923706055,52.56999969482422,53.02000045776367,52.59000015258789,3938100.0,48.467323303222656
2018-02-09,55.720001220703125,53.04999923706055,53.06999969482422,55.41999816894531,4565100.0,51.075469970703125
2018-02-12,55.439998626708984,54.4900016784668,55.41999816894531,55.06999969482422,1789100.0,50.75291061401367
2018-02-13,55.45000076293945,54.31999969482422,54.849998474121094,55.25,1201100.0,50.91880416870117
2018-02-14,55.27000045776367,54.36000061035156,54.88999938964844,54.68000030517578,1410100.0,50.39347839355469
2018-02-15,56.27000045776367,54.77000045776367,54.869998931884766,56.2599983215332,2539100.0,51.84962463378906
2018-02-16,56.849998474121094,55.66999816894531,56.400001525878906,56.31999969482422,2605600.0,51.90492248535156
2018-02-20,56.27000045776367,54.79999923706055,56.02000045776367,55.08000183105469,2336500.0,50.762123107910156
2018-02-21,55.45000076293945,54.380001068115234,55.029998779296875,54.400001525878906,1740300.0,50.13543701171875
2018-02-22,55.31999969482422,54.22999954223633,54.68000030517578,54.59000015258789,1655200.0,50.3105354309082
2018-02-23,56.38999938964844,54.630001068115234,54.70000076293945,56.349998474121094,1993800.0,51.93256378173828
2018-02-26,56.459999084472656,55.380001068115234,56.380001068115234,55.75,1448200.0,51.379600524902344
2018-02-27,56.29999923706055,54.79999923706055,55.93000030517578,54.88999938964844,1838900.0,50.58701705932617
2018-02-28,55.2400016784668,54.279998779296875,55.119998931884766,54.29999923706055,1849300.0,50.04327392578125
2018-03-01,54.84000015258789,53.68000030517578,54.279998779296875,53.959999084472656,1844600.0,49.729923248291016
2018-03-02,54.619998931884766,53.470001220703125,54.04999923706055,54.029998779296875,1444500.0,49.79444122314453
2018-03-05,55.31999969482422,53.68000030517578,53.939998626708984,55.119998931884766,1915100.0,50.79899215698242
2018-03-06,55.02000045776367,53.869998931884766,55.02000045776367,53.939998626708984,1719600.0,49.711490631103516
2018-03-07,54.0,53.08000183105469,53.77000045776367,53.58000183105469,1800600.0,49.37971496582031
2018-03-08,54.08000183105469,53.58000183105469,53.84000015258789,53.86000061035156,1030300.0,49.63777160644531
2018-03-09,54.060001373291016,53.43000030517578,53.81999969482422,53.9900016784668,2056400.0,49.75757598876953
2018-03-12,54.599998474121094,54.099998474121094,54.150001525878906,54.40999984741211,1559000.0,50.14464569091797
2018-03-13,54.650001525878906,53.880001068115234,54.13999938964844,54.09000015258789,1603000.0,50.27290725708008
2018-03-14,54.869998931884766,54.189998626708984,54.220001220703125,54.630001068115234,2063000.0,50.77479934692383
2018-03-15,55.43000030517578,54.529998779296875,54.65999984741211,54.77000045776367,1513900.0,50.90492248535156
2018-03-16,55.63999938964844,54.869998931884766,54.880001068115234,55.4900016784668,2834400.0,51.57411193847656
2018-03-19,55.790000915527344,54.93000030517578,55.47999954223633,55.20000076293945,1135100.0,51.3045768737793
2018-03-20,55.540000915527344,54.9900016784668,55.279998779296875,55.130001068115234,975800.0,51.23951721191406
2018-03-21,55.88999938964844,54.77000045776367,55.27000045776367,54.900001525878906,1126700.0,51.025753021240234
2018-03-22,55.959999084472656,54.720001220703125,54.880001068115234,54.91999816894531,1237700.0,51.04432678222656
2018-03-23,55.5099983215332,53.90999984741211,55.08000183105469,54.0099983215332,1240700.0,50.19855499267578
2018-03-26,54.95000076293945,54.099998474121094,54.29999923706055,54.849998474121094,1328900.0,50.979278564453125
2018-03-27,56.66999816894531,54.77000045776367,55.06999969482422,55.880001068115234,1787500.0,51.93658447265625
2018-03-28,56.5099983215332,55.790000915527344,56.06999969482422,55.939998626708984,1322800.0,51.99235153198242
2018-03-29,56.790000915527344,55.970001220703125,55.970001220703125,56.630001068115234,2023800.0,52.633663177490234
2018-04-02,57.65999984741211,56.220001220703125,57.08000183105469,56.689998626708984,2217700.0,52.68942642211914
2018-04-03,57.459999084472656,56.290000915527344,56.61000061035156,57.13999938964844,2083100.0,53.107669830322266
2018-04-04,57.08000183105469,56.150001525878906,56.91999816894531,56.810001373291016,2216600.0,52.80096435546875
2018-04-05,57.650001525878906,56.5,56.88999938964844,57.439998626708984,3252900.0,53.38649368286133
2018-04-06,57.91999816894531,56.86000061035156,57.529998779296875,57.130001068115234,2826100.0,53.0983772277832
2018-04-09,57.54999923706055,56.70000076293945,57.119998931884766,56.959999084472656,1366900.0,52.94038009643555
2018-04-10,57.119998931884766,56.18000030517578,57.0099983215332,56.20000076293945,1294000.0,52.2340087890625
2018-04-11,56.41999816894531,55.72999954223633,56.150001525878906,56.0099983215332,1246200.0,52.057411193847656
2018-04-12,56.18000030517578,55.0099983215332,56.04999923706055,55.33000183105469,1128400.0,51.42539978027344
2018-04-13,55.83000183105469,55.2599983215332,55.58000183105469,55.5099983215332,1585500.0,51.59269714355469
2018-04-16,56.4900016784668,55.66999816894531,55.689998626708984,56.36000061035156,1651500.0,52.38271713256836
2018-04-17,57.150001525878906,56.2400016784668,56.41999816894531,56.88999938964844,1242900.0,52.875308990478516
2018-04-18,57.4900016784668,56.529998779296875,57.060001373291016,56.560001373291016,1277900.0,52.568603515625
2018-04-19,56.90999984741211,56.31999969482422,56.400001525878906,56.849998474121094,885400.0,52.838130950927734
2018-04-20,56.72999954223633,56.029998779296875,56.72999954223633,56.27000045776367,1007700.0,52.299072265625
2018-04-23,57.15999984741211,56.29999923706055,56.4900016784668,56.630001068115234,1487500.0,52.633663177490234
2018-04-24,57.560001373291016,56.5,56.540000915527344,57.20000076293945,1678500.0,53.1634407043457
2018-04-25,57.75,56.79999923706055,57.09000015258789,57.209999084472656,1208000.0,53.172733306884766
2018-04-26,57.959999084472656,56.95000076293945,57.22999954223633,57.869998931884766,895900.0,53.78615951538086
2018-04-27,58.720001220703125,57.72999954223633,57.7400016784668,58.599998474121094,1226500.0,54.46464157104492
2018-04-30,58.95000076293945,58.439998626708984,58.77000045776367,58.619998931884766,1504500.0,54.48323059082031
2018-05-01,58.84000015258789,58.279998779296875,58.65999984741211,58.33000183105469,1177900.0,54.21369934082031
2018-05-02,58.68000030517578,58.02000045776367,58.33000183105469,58.380001068115234,874300.0,54.26017379760742
2018-05-03,58.93000030517578,57.650001525878906,58.279998779296875,58.7400016784668,918400.0,54.59476089477539
2018-05-04,59.18000030517578,58.68000030517578,58.810001373291016,58.900001525878906,808600.0,54.743473052978516
2018-05-07,58.97999954223633,58.439998626708984,58.880001068115234,58.540000915527344,1053500.0,54.40888214111328
2018-05-08,58.31999969482422,56.75,58.25,56.90999984741211,1751800.0,52.89390563964844
2018-05-09,57.77000045776367,56.08000183105469,57.7599983215332,56.220001220703125,1818300.0,52.252593994140625
2018-05-10,56.720001220703125,56.06999969482422,56.68000030517578,56.34000015258789,1540800.0,52.36412811279297
2018-05-11,57.029998779296875,56.31999969482422,56.43000030517578,56.869998931884766,1674100.0,52.856727600097656
2018-05-14,57.060001373291016,56.08000183105469,56.97999954223633,56.59000015258789,1447100.0,52.59648132324219
2018-05-15,56.66999816894531,56.08000183105469,56.31999969482422,56.41999816894531,1768800.0,52.438480377197266
2018-05-16,56.58000183105469,55.81999969482422,56.40999984741211,55.939998626708984,1593700.0,51.99235153198242
2018-05-17,56.2599983215332,55.720001220703125,56.0099983215332,55.84000015258789,1604700.0,51.899410247802734
2018-05-18,56.5099983215332,55.79999923706055,55.95000076293945,56.2599983215332,1662400.0,52.28977584838867
2018-05-21,56.47999954223633,55.79999923706055,56.29999923706055,56.34000015258789,980100.0,52.36412811279297
2018-05-22,57.459999084472656,56.0099983215332,57.459999084472656,56.70000076293945,1205800.0,52.69873046875
2018-05-23,57.93000030517578,57.02000045776367,57.06999969482422,57.88999938964844,2572300.0,53.80474090576172
2018-05-24,59.22999954223633,58.11000061035156,58.29999923706055,58.779998779296875,2021300.0,54.63193893432617
2018-05-25,58.970001220703125,58.459999084472656,58.810001373291016,58.869998931884766,1347100.0,54.7155876159668
2018-05-29,59.310001373291016,58.56999969482422,58.939998626708984,58.83000183105469,2019100.0,54.678409576416016
2018-05-30,59.5099983215332,58.560001373291016,58.560001373291016,59.38999938964844,1344200.0,55.198890686035156
2018-05-31,59.790000915527344,58.939998626708984,59.22999954223633,59.189998626708984,1628600.0,55.013004302978516
2018-06-01,59.099998474121094,58.060001373291016,59.06999969482422,58.11000061035156,2214700.0,54.00921630859375
2018-06-04,58.59000015258789,57.7599983215332,58.400001525878906,57.97999954223633,1280400.0,53.88839340209961
2018-06-05,58.18000030517578,57.2599983215332,58.0099983215332,57.40999984741211,1607200.0,53.358619689941406
2018-06-06,57.790000915527344,56.470001220703125,57.720001220703125,56.56999969482422,2065300.0,52.57789993286133
2018-06-07,57.36000061035156,56.189998626708984,56.599998474121094,56.900001525878906,1871900.0,52.88460922241211
2018-06-08,57.31999969482422,56.52000045776367,57.130001068115234,56.689998626708984,1396100.0,52.68942642211914
2018-06-11,57.02000045776367,55.68000030517578,56.86000061035156,55.75,1952500.0,51.81576156616211
2018-06-12,56.13999938964844,55.209999084472656,55.43000030517578,56.060001373291016,2307800.0,52.53547668457031
2018-06-13,56.33000183105469,55.63999938964844,56.13999938964844,55.7599983215332,1874500.0,52.254337310791016
2018-06-14,56.470001220703125,55.810001373291016,55.81999969482422,56.369998931884766,1619600.0,52.82598876953125
2018-06-15,57.02000045776367,56.02000045776367,56.290000915527344,56.970001220703125,3256700.0,53.388267517089844
2018-06-18,57.77000045776367,56.970001220703125,56.97999954223633,57.63999938964844,2136300.0,54.016143798828125
2018-06-19,58.40999984741211,57.66999816894531,57.70000076293945,58.279998779296875,1619300.0,54.61590576171875
2018-06-20,58.38999938964844,57.93000030517578,58.27000045776367,58.310001373291016,1356600.0,54.64402389526367
2018-06-21,58.650001525878906,58.18000030517578,58.310001373291016,58.5099983215332,737800.0,54.83144760131836
2018-06-22,58.81999969482422,58.27000045776367,58.470001220703125,58.68000030517578,1528900.0,54.990760803222656
2018-06-25,59.77000045776367,58.7400016784668,58.7400016784668,59.650001525878906,1625400.0,55.8997802734375
2018-06-26,60.11000061035156,59.4900016784668,59.4900016784668,59.939998626708984,1554400.0,56.171539306640625
2018-06-27,60.630001068115234,59.70000076293945,59.83000183105469,60.4900016784668,1306400.0,56.68696594238281
2018-06-28,61.099998474121094,60.40999984741211,60.72999954223633,60.84000015258789,2457900.0,57.014957427978516
2018-06-29,61.25,60.22999954223633,60.599998474121094,60.849998474121094,2667300.0,57.024322509765625
2018-07-02,61.279998779296875,60.4900016784668,60.88999938964844,61.220001220703125,1203500.0,57.37106704711914
2018-07-03,61.709999084472656,60.95000076293945,61.18000030517578,61.22999954223633,677000.0,57.38043975830078
2018-07-05,61.54999923706055,61.08000183105469,61.25,61.54999923706055,1046500.0,57.68031692504883
2018-07-06,62.150001525878906,61.540000915527344,61.560001373291016,62.029998779296875,1171600.0,58.13014221191406
2018-07-09,62.02000045776367,59.7599983215332,62.02000045776367,59.970001220703125,1782100.0,56.19966125488281
2018-07-10,60.810001373291016,59.150001525878906,59.400001525878906,60.5,2111000.0,56.69633102416992
2018-07-11,61.47999954223633,60.38999938964844,60.560001373291016,61.380001068115234,1423900.0,57.5210075378418
2018-07-12,61.5,60.790000915527344,61.41999816894531,61.369998931884766,1381100.0,57.51163101196289
2018-07-13,61.459999084472656,60.97999954223633,61.369998931884766,61.38999938964844,978600.0,57.53037643432617
2018-07-16,61.59000015258789,61.09000015258789,61.41999816894531,61.34000015258789,870200.0,57.483524322509766
2018-07-17,61.58000183105469,61.040000915527344,61.560001373291016,61.27000045776367,757800.0,57.41792678833008
2018-07-18,61.27000045776367,60.72999954223633,61.2400016784668,61.06999969482422,1000500.0,57.230499267578125
2018-07-19,61.97999954223633,61.16999816894531,61.380001068115234,61.709999084472656,676400.0,57.830257415771484
2018-07-20,61.709999084472656,60.7599983215332,61.33000183105469,61.34000015258789,903100.0,57.483524322509766
2018-07-23,61.45000076293945,60.56999969482422,61.40999984741211,60.93000030517578,746600.0,57.09930419921875
2018-07-24,61.060001373291016,59.939998626708984,60.619998931884766,61.0,1331200.0,57.164894104003906
2018-07-25,61.52000045776367,60.689998626708984,60.90999984741211,61.36000061035156,1402000.0,57.50226593017578
2018-07-26,62.29999923706055,61.7599983215332,61.810001373291016,62.150001525878906,1325400.0,58.24260711669922
2018-07-27,62.40999984741211,61.75,62.150001525878906,61.939998626708984,1251900.0,58.045799255371094
2018-07-30,61.86000061035156,61.27000045776367,61.86000061035156,61.41999816894531,787800.0,57.55848693847656
2018-07-31,62.11000061035156,61.38999938964844,61.70000076293945,62.060001373291016,1922500.0,58.158260345458984
2018-08-01,61.880001068115234,60.779998779296875,61.560001373291016,61.36000061035156,1492000.0,57.50226593017578
2018-08-02,61.95000076293945,60.900001525878906,61.36000061035156,61.77000045776367,1631700.0,57.8864860534668
2018-08-03,62.7599983215332,61.06999969482422,62.0,62.45000076293945,1512400.0,58.523738861083984
2018-08-06,62.86000061035156,62.290000915527344,62.68000030517578,62.56999969482422,1200500.0,58.63619613647461
2018-08-07,62.75,61.959999084472656,62.43000030517578,62.59000015258789,1162400.0,58.654930114746094
2018-08-08,62.86000061035156,62.33000183105469,62.43000030517578,62.599998474121094,899200.0,58.664302825927734
2018-08-09,62.900001525878906,62.369998931884766,62.65999984741211,62.83000183105469,941200.0,58.879844665527344
2018-08-10,63.40999984741211,62.70000076293945,62.9900016784668,62.779998779296875,935500.0,58.832984924316406
2018-08-13,63.06999969482422,62.599998474121094,62.84000015258789,62.9900016784668,1056800.0,59.02978515625
2018-08-14,63.43000030517578,62.7599983215332,62.88999938964844,63.099998474121094,1007300.0,59.132869720458984
2018-08-15,64.06999969482422,62.97999954223633,63.290000915527344,63.61000061035156,1080500.0,59.61080551147461
2018-08-16,64.47000122070312,63.29999923706055,63.54999923706055,64.44999694824219,2197100.0,60.39799499511719
2018-08-17,64.95999908447266,64.19000244140625,64.3499984741211,64.76000213623047,1795900.0,60.68851089477539
2018-08-20,65.08999633789062,64.37000274658203,64.9800033569336,64.56999969482422,1106900.0,60.51045608520508
2018-08-21,64.47000122070312,63.900001525878906,64.47000122070312,64.20999908447266,1162500.0,60.17308044433594
2018-08-22,64.30999755859375,63.27000045776367,64.20999908447266,63.560001373291016,957600.0,59.56394958496094
2018-08-23,64.06999969482422,63.41999816894531,63.63999938964844,63.650001525878906,1175200.0,59.648292541503906
2018-08-24,64.0199966430664,63.279998779296875,63.63999938964844,63.9900016784668,862700.0,59.9669189453125
2018-08-27,64.20999908447266,63.040000915527344,64.06999969482422,63.369998931884766,714000.0,59.38589859008789
2018-08-28,63.33000183105469,62.810001373291016,63.22999954223633,63.220001220703125,1504000.0,59.24532699584961
2018-08-29,63.4900016784668,63.060001373291016,63.27000045776367,63.459999084472656,1282700.0,59.470237731933594
2018-08-30,63.869998931884766,63.36000061035156,63.58000183105469,63.54999923706055,1563000.0,59.5545768737793
2018-08-31,63.959999084472656,63.02000045776367,63.650001525878906,63.22999954223633,1020900.0,59.25469970703125
2018-09-04,63.93000030517578,63.400001525878906,63.45000076293945,63.75,1054000.0,59.742008209228516
2018-09-05,65.0,63.79999923706055,63.84000015258789,64.94999694824219,1369000.0,60.86655807495117
2018-09-06,65.87000274658203,64.73999786376953,65.08000183105469,65.62000274658203,2303600.0,61.49443817138672
2018-09-07,65.66999816894531,64.93000030517578,65.11000061035156,65.33999633789062,2299000.0,61.2320442199707
2018-09-10,66.11000061035156,65.44000244140625,65.69000244140625,65.9000015258789,1689200.0,61.756832122802734
2018-09-11,65.9800033569336,65.2300033569336,65.62000274658203,65.3499984741211,2620900.0,61.670021057128906
2018-09-12,65.83000183105469,65.16999816894531,65.5199966430664,65.37000274658203,2322700.0,61.68889236450195
2018-09-13,65.7300033569336,65.02999877929688,65.3499984741211,65.70999908447266,1701500.0,62.00973129272461
2018-09-14,65.44999694824219,64.58000183105469,65.31999969482422,65.41000366210938,1918500.0,61.72663116455078
2018-09-17,65.54000091552734,64.94000244140625,65.51000213623047,65.23999786376953,1523600.0,61.56620788574219
2018-09-18,65.3499984741211,64.45999908447266,65.12999725341797,65.05999755859375,1869700.0,61.396339416503906
2018-09-19,65.0199966430664,63.220001220703125,65.0199966430664,63.90999984741211,5685300.0,60.31110382080078
2018-09-20,64.20999908447266,63.13999938964844,63.7400016784668,64.12999725341797,1710500.0,60.518714904785156
2018-09-21,64.58999633789062,63.59000015258789,63.849998474121094,64.41999816894531,2761200.0,60.79238510131836
2018-09-24,64.51000213623047,63.720001220703125,64.2699966430664,63.7599983215332,1403100.0,60.16954803466797
2018-09-25,63.709999084472656,62.75,63.68000030517578,63.02000045776367,1719600.0,59.47122573852539
2018-09-26,63.119998931884766,62.060001373291016,62.86000061035156,62.13999938964844,2079600.0,58.64078140258789
2018-09-27,62.900001525878906,62.13999938964844,62.349998474121094,62.56999969482422,1307400.0,59.04656219482422
2018-09-28,63.22999954223633,62.4900016784668,62.4900016784668,63.220001220703125,1736000.0,59.65996170043945
2018-10-01,63.41999816894531,62.70000076293945,63.06999969482422,63.290000915527344,1545200.0,59.726016998291016
2018-10-02,64.47000122070312,63.470001220703125,63.4900016784668,64.3499984741211,1393500.0,60.726322174072266
2018-10-03,64.66000366210938,63.08000183105469,64.29000091552734,63.689998626708984,1367200.0,60.103485107421875
2018-10-04,64.08000183105469,62.869998931884766,63.400001525878906,63.900001525878906,1343500.0,60.301666259765625
2018-10-05,65.29000091552734,63.939998626708984,63.939998626708984,65.0999984741211,1464100.0,61.43409729003906
2018-10-08,66.36000061035156,65.06999969482422,65.25,65.6500015258789,1524800.0,61.953128814697266
2018-10-09,66.63999938964844,65.58999633789062,65.76000213623047,66.33000183105469,1625900.0,62.59482192993164
2018-10-10,67.05999755859375,65.9000015258789,66.27999877929688,65.94000244140625,1456700.0,62.22679138183594
2018-10-11,66.4000015258789,63.869998931884766,66.19999694824219,64.04000091552734,2287000.0,60.433780670166016
2018-10-12,64.06999969482422,63.09000015258789,63.90999984741211,63.79999923706055,2406300.0,60.207298278808594
2018-10-15,64.31999969482422,63.56999969482422,63.81999969482422,63.81999969482422,1897700.0,60.226165771484375
2018-10-16,65.08000183105469,63.52000045776367,63.77000045776367,64.77999877929688,1026500.0,61.13211441040039
2018-10-17,65.19000244140625,64.41999816894531,64.8499984741211,64.76000213623047,1208000.0,61.11323928833008
2018-10-18,65.20999908447266,64.62000274658203,64.87000274658203,64.94000244140625,990700.0,61.28310775756836
2018-10-19,66.33999633789062,64.94000244140625,64.94000244140625,66.05000305175781,1230100.0,62.330604553222656
2018-10-22,66.0999984741211,65.30999755859375,65.86000061035156,65.6500015258789,1561600.0,61.953128814697266
2018-10-23,66.41000366210938,65.37999725341797,66.02999877929688,65.48999786376953,1910400.0,61.8021240234375
2018-10-24,67.2300033569336,65.4000015258789,65.75,66.79000091552734,1532100.0,63.02892303466797
2018-10-25,66.44999694824219,65.29000091552734,66.44999694824219,65.69000244140625,1874400.0,61.99087142944336
2018-10-26,66.25,63.84000015258789,65.97000122070312,64.4000015258789,2467100.0,60.77351379394531
2018-10-29,65.41999816894531,64.4800033569336,64.4800033569336,65.19999694824219,1052700.0,61.52846145629883
2018-10-30,65.80999755859375,64.55999755859375,65.54000091552734,65.0,1481200.0,61.3397216796875
2018-10-31,65.62999725341797,63.529998779296875,64.3499984741211,64.58000183105469,2464200.0,60.94337844848633
2018-11-01,64.94000244140625,63.68000030517578,64.94000244140625,64.3499984741211,1701900.0,60.726322174072266
2018-11-02,64.80000305175781,63.31999969482422,64.62999725341797,63.61000061035156,1429900.0,60.02800369262695
2018-11-05,64.88999938964844,63.83000183105469,63.970001220703125,64.6500015258789,1169800.0,61.00943374633789
2018-11-06,65.12000274658203,64.5199966430664,64.6500015258789,65.06999969482422,1130700.0,61.40578079223633
2018-11-07,66.0999984741211,64.87000274658203,65.38999938964844,66.04000091552734,1453400.0,62.3211669921875
2018-11-08,66.33000183105469,65.30999755859375,65.9800033569336,66.30000305175781,1463600.0,62.56652069091797
2018-11-09,67.5,66.22000122070312,66.33000183105469,67.31999969482422,1380400.0,63.52907943725586
2018-11-12,68.94999694824219,67.16000366210938,67.26000213623047,68.38999938964844,1889300.0,64.53882598876953
2018-11-13,69.01000213623047,67.94999694824219,68.44999694824219,68.83000183105469,1186200.0,64.95404815673828
2018-11-14,69.19999694824219,68.22000122070312,68.48999786376953,68.73999786376953,1426800.0,64.86911010742188
2018-11-15,69.47000122070312,67.47000122070312,68.33999633789062,69.38999938964844,1853000.0,65.48251342773438
2018-11-16,70.36000061035156,69.16999816894531,70.0,69.30000305175781,1651900.0,65.39757537841797
2018-11-19,69.77999877929688,69.22000122070312,69.3499984741211,69.73999786376953,2242700.0,65.81279754638672
2018-11-20,70.68000030517578,68.87999725341797,69.98999786376953,69.0,1576100.0,65.1144790649414
2018-11-21,68.94999694824219,67.33999633789062,68.81999969482422,67.5199966430664,1420400.0,63.717811584472656
2018-11-23,67.94000244140625,67.19999694824219,67.63999938964844,67.75,586800.0,63.93486404418945
2018-11-26,68.0999984741211,67.05999755859375,67.87000274658203,67.81999969482422,1085300.0,64.00091552734375
2018-11-27,68.72000122070312,67.26000213623047,67.77999877929688,68.68000030517578,1386500.0,64.8125
2018-11-28,68.98999786376953,68.04000091552734,68.72000122070312,68.11000061035156,911800.0,64.27458953857422
2018-11-29,67.93000030517578,67.30999755859375,67.58000183105469,67.81999969482422,1278800.0,64.00091552734375
2018-11-30,68.69000244140625,67.5999984741211,68.0199966430664,68.62000274658203,2389800.0,64.75586700439453
2018-12-03,69.80000305175781,67.91000366210938,68.31999969482422,69.80000305175781,1561600.0,65.86943054199219
2018-12-04,70.94999694824219,69.77999877929688,70.0,70.04000091552734,1292000.0,66.09590911865234
2018-12-06,70.43000030517578,68.68000030517578,70.33999633789062,70.16000366210938,1923800.0,66.20915222167969
2018-12-07,70.66999816894531,69.5,70.13999938964844,70.41999816894531,1106900.0,66.45449829101562
2018-12-10,70.94000244140625,69.30000305175781,70.55000305175781,70.70999908447266,909300.0,66.72817993164062
2018-12-11,70.55999755859375,69.88999938964844,70.41000366210938,70.29000091552734,1042300.0,66.78043365478516
2018-12-12,70.63999938964844,69.5999984741211,70.37000274658203,69.83999633789062,1024900.0,66.35289764404297
2018-12-13,70.72000122070312,69.86000061035156,69.86000061035156,70.44000244140625,1089900.0,66.9229507446289
2018-12-14,70.86000061035156,69.5199966430664,70.62000274658203,69.80999755859375,1432800.0,66.32439422607422
2018-12-17,70.08999633789062,67.08999633789062,70.05000305175781,67.30999755859375,2086800.0,63.94922637939453
2018-12-18,68.25,67.08000183105469,67.52999877929688,67.37999725341797,1873300.0,64.01573181152344
2018-12-19,68.23999786376953,66.93000030517578,67.68000030517578,67.20999908447266,1267200.0,63.854209899902344
2018-12-20,68.29000091552734,66.11000061035156,67.26000213623047,67.02999877929688,2116800.0,63.683204650878906
2018-12-21,68.55000305175781,66.58000183105469,66.58000183105469,66.94000244140625,3520500.0,63.59770584106445
2018-12-24,67.44000244140625,63.029998779296875,67.06999969482422,63.2400016784668,664300.0,60.08244323730469
2018-12-26,64.4000015258789,62.5099983215332,63.369998931884766,64.3499984741211,1004800.0,61.13701248168945
2018-12-27,65.30999755859375,63.33000183105469,64.41000366210938,65.30000305175781,1396000.0,62.03958511352539
2018-12-28,65.95999908447266,64.68000030517578,65.43000030517578,64.94000244140625,847600.0,61.69756317138672
2018-12-31,65.27999877929688,64.30999755859375,65.05999755859375,65.2300033569336,935100.0,61.973079681396484
2019-01-02,65.12000274658203,63.130001068115234,65.06999969482422,63.529998779296875,1325200.0,60.35796356201172
2019-01-03,64.20999908447266,63.33000183105469,63.4900016784668,63.689998626708984,1362900.0,60.50996398925781
2019-01-04,64.79000091552734,63.279998779296875,63.45000076293945,64.58999633789062,1691100.0,61.365028381347656
2019-01-07,64.69999694824219,63.68000030517578,64.2300033569336,63.849998474121094,2235500.0,60.66197967529297
2019-01-08,64.94000244140625,63.689998626708984,64.0199966430664,64.86000061035156,1268800.0,61.621551513671875
2019-01-09,65.02999877929688,64.0999984741211,64.63999938964844,64.37999725341797,1501000.0,61.16551208496094
2019-01-10,65.86000061035156,64.2699966430664,64.52999877929688,65.80999755859375,1080100.0,62.52410888671875
2019-01-11,65.88999938964844,65.08000183105469,65.70999908447266,65.55000305175781,873700.0,62.277103424072266
2019-01-14,65.1500015258789,64.16999816894531,64.87000274658203,64.95999908447266,1499500.0,61.716556549072266
2019-01-15,66.66000366210938,64.66999816894531,64.7699966430664,66.04000091552734,1794900.0,62.742645263671875
2019-01-16,66.72000122070312,65.47000122070312,65.72000122070312,66.66999816894531,1405800.0,63.34117889404297
2019-01-17,67.13999938964844,66.54000091552734,66.7300033569336,67.05999755859375,1255100.0,63.711700439453125
2019-01-18,67.37999725341797,66.83000183105469,67.02999877929688,67.23999786376953,1138900.0,63.88272476196289
2019-01-22,67.9000015258789,66.73999786376953,67.3499984741211,67.58000183105469,1495800.0,64.20574951171875
2019-01-23,68.12000274658203,67.4800033569336,67.6500015258789,68.0999984741211,1205200.0,64.69976806640625
2019-01-24,68.81999969482422,67.48999786376953,68.2300033569336,68.75,1101900.0,65.31732940673828
2019-01-25,69.02999877929688,67.79000091552734,68.43000030517578,67.94000244140625,1220500.0,64.54778289794922
2019-01-28,68.30000305175781,67.27999877929688,68.0199966430664,67.66000366210938,943700.0,64.28175354003906
2019-01-29,68.25,67.27999877929688,67.87999725341797,67.47000122070312,1544100.0,64.10123443603516
2019-01-30,68.30000305175781,66.97000122070312,67.19000244140625,67.94000244140625,1117500.0,64.54778289794922
2019-01-31,69.62000274658203,67.51000213623047,67.79000091552734,69.33999633789062,2230300.0,65.87787628173828
2019-02-01,69.33999633789062,68.20999908447266,69.33999633789062,68.8499984741211,1157300.0,65.4123306274414
2019-02-04,69.0,67.9000015258789,68.51000213623047,68.98999786376953,1645600.0,65.54534912109375
2019-02-05,68.9800033569336,68.37000274658203,68.79000091552734,68.83999633789062,1277600.0,65.40283203125
2019-02-06,69.05999755859375,68.4800033569336,68.77999877929688,68.88999938964844,861400.0,65.45033264160156
2019-02-07,69.7300033569336,68.72000122070312,68.86000061035156,69.72000122070312,1280700.0,66.2388916015625
2019-02-08,70.4800033569336,69.4800033569336,69.5999984741211,70.47000122070312,921600.0,66.95145416259766
2019-02-11,70.95999908447266,70.33999633789062,70.48999786376953,70.76000213623047,1455300.0,67.22697448730469
2019-02-12,71.08000183105469,70.02999877929688,70.66000366210938,70.19000244140625,2108200.0,66.6854248046875
2019-02-13,70.13999938964844,69.80000305175781,69.80000305175781,70.05999755859375,1663900.0,66.56192016601562
2019-02-14,69.9000015258789,68.26000213623047,68.69999694824219,69.02999877929688,2081000.0,65.58333587646484
2019-02-15,69.97000122070312,69.29000091552734,69.54000091552734,69.68000030517578,1979100.0,66.20089721679688
2019-02-19,70.38999938964844,69.5999984741211,69.72000122070312,70.08999633789062,1241400.0,66.59041595458984
2019-02-20,70.48999786376953,69.52999877929688,70.0,70.4000015258789,1286600.0,66.88494873046875
2019-02-21,71.30999755859375,69.80999755859375,70.0999984741211,71.19999694824219,1395000.0,67.6449966430664
2019-02-22,72.18000030517578,71.16000366210938,71.37999725341797,72.18000030517578,1941400.0,68.57605743408203
2019-02-25,72.36000061035156,70.58000183105469,72.36000061035156,70.87999725341797,1845600.0,67.3409652709961
2019-02-26,71.01000213623047,70.01000213623047,71.01000213623047,70.22000122070312,1629400.0,66.71393585205078
2019-02-27,70.75,69.80000305175781,70.0,70.41999816894531,1177900.0,66.9039306640625
2019-02-28,71.37999725341797,70.2300033569336,70.44999694824219,71.23999786376953,1530500.0,67.6830062866211
2019-03-01,71.61000061035156,70.41000366210938,71.58000183105469,70.93000030517578,1058600.0,67.38848114013672
2019-03-04,71.36000061035156,70.41999816894531,71.33000183105469,71.30000305175781,1370100.0,67.74000549316406
2019-03-05,71.55000305175781,70.81999969482422,71.27999877929688,71.06999969482422,1271600.0,67.521484375
2019-03-06,71.43000030517578,70.80000305175781,71.2300033569336,71.06999969482422,1290900.0,67.521484375
2019-03-07,71.9000015258789,71.0,71.29000091552734,71.22000122070312,1493600.0,67.66399383544922
2019-03-08,71.7699966430664,71.02999877929688,71.22000122070312,71.69999694824219,1028200.0,68.12002563476562
2019-03-11,72.61000061035156,71.80999755859375,71.83999633789062,72.56999969482422,1254000.0,68.94659423828125
2019-03-12,72.55000305175781,71.88999938964844,72.29000091552734,72.37000274658203,1837600.0,69.20957946777344
2019-03-13,73.0,72.26000213623047,72.41999816894531,72.94000244140625,1452500.0,69.75469970703125
2019-03-14,73.25,72.4800033569336,72.88999938964844,72.61000061035156,1509700.0,69.43910217285156
2019-03-15,73.31999969482422,72.33999633789062,72.45999908447266,73.04000091552734,2026200.0,69.85032653808594
2019-03-18,73.11000061035156,72.23999786376953,73.06999969482422,72.51000213623047,1611400.0,69.34346771240234
2019-03-19,72.5,71.56999969482422,72.44000244140625,72.0,1791100.0,68.8557357788086
2019-03-20,72.95999908447266,71.95999908447266,72.2300033569336,72.2300033569336,1294900.0,69.0757064819336
2019-03-21,73.43000030517578,72.0199966430664,72.1500015258789,73.26000213623047,980700.0,70.06072235107422
2019-03-22,74.44999694824219,73.41000366210938,73.4800033569336,73.75,1346900.0,70.5293197631836
2019-03-25,74.45999908447266,73.56999969482422,73.93000030517578,74.30000305175781,1385400.0,71.05530548095703
2019-03-26,74.91000366210938,74.08999633789062,74.3499984741211,74.75,1034900.0,71.48565673828125
2019-03-27,74.88999938964844,73.97000122070312,74.68000030517578,74.38999938964844,1425000.0,71.14137268066406
2019-03-28,74.70999908447266,73.18000030517578,74.55999755859375,73.45999908447266,992400.0,70.25198364257812
2019-03-29,73.62000274658203,73.01000213623047,73.33000183105469,73.55000305175781,1425300.0,70.33806610107422
2019-04-01,73.7699966430664,72.12000274658203,73.58000183105469,72.79000091552734,1321000.0,69.61124420166016
2019-04-02,72.8499984741211,72.19999694824219,72.79000091552734,72.55999755859375,1328300.0,69.39128875732422
2019-04-03,72.79000091552734,71.8499984741211,72.5199966430664,72.23999786376953,1362400.0,69.08525848388672
2019-04-04,72.62000274658203,71.38999938964844,72.62000274658203,71.55999755859375,1955000.0,68.43495178222656
2019-04-05,72.41999816894531,71.20999908447266,71.73999786376953,72.38999938964844,2557800.0,69.22872161865234
2019-04-08,72.37999725341797,71.54000091552734,72.36000061035156,71.66999816894531,1029400.0,68.54015350341797
2019-04-09,72.04000091552734,71.5199966430664,71.76000213623047,72.0199966430664,828200.0,68.87487030029297
2019-04-10,72.56999969482422,71.4000015258789,72.05999755859375,71.5,1402000.0,68.37757110595703
2019-04-11,71.87000274658203,71.22000122070312,71.5,71.83999633789062,856400.0,68.7027359008789
2019-04-12,72.0199966430664,71.05999755859375,71.69000244140625,71.9800033569336,1466600.0,68.83662414550781
2019-04-15,72.38999938964844,71.77999877929688,72.19000244140625,72.02999877929688,756500.0,68.8844223022461
2019-04-16,72.23999786376953,70.7300033569336,71.94999694824219,70.8499984741211,969200.0,67.75597381591797
2019-04-17,71.08000183105469,70.51000213623047,70.7699966430664,70.61000061035156,1103800.0,67.52643585205078
2019-04-18,73.08999633789062,70.43000030517578,70.68000030517578,70.4800033569336,1264200.0,67.4021224975586
2019-04-22,70.83000183105469,70.2699966430664,70.36000061035156,70.5199966430664,1252400.0,67.44036102294922
2019-04-23,71.2300033569336,70.5,71.01000213623047,71.1500015258789,1650100.0,68.0428695678711
2019-04-24,72.25,71.05000305175781,71.1500015258789,71.98999786376953,1934100.0,68.8461685180664
2019-04-25,72.61000061035156,71.5999984741211,71.69999694824219,72.26000213623047,1226200.0,69.10438537597656
2019-04-26,73.23999786376953,72.16000366210938,72.61000061035156,72.18000030517578,1211200.0,69.02787780761719
2019-04-29,72.11000061035156,71.2300033569336,71.97000122070312,71.36000061035156,897500.0,68.24370574951172
2019-04-30,72.83999633789062,71.29000091552734,71.37000274658203,72.7699966430664,1688000.0,69.59210968017578
2019-05-01,72.77999877929688,71.95999908447266,72.55000305175781,72.23999786376953,1004100.0,69.08525848388672
2019-05-02,72.83999633789062,71.81999969482422,72.38999938964844,72.33999633789062,1217700.0,69.18089294433594
2019-05-03,73.08000183105469,72.45999908447266,72.45999908447266,72.94999694824219,687800.0,69.7642593383789
2019-05-06,73.23999786376953,72.5999984741211,72.91000366210938,72.75,895700.0,69.572998046875
2019-05-07,73.13999938964844,72.41000366210938,72.80000305175781,72.69999694824219,1029300.0,69.5251693725586
2019-05-08,72.69000244140625,71.23999786376953,72.63999938964844,71.36000061035156,1399200.0,68.24370574951172
2019-05-09,72.29000091552734,71.25,71.38999938964844,71.9000015258789,1602500.0,68.76010131835938
2019-05-10,73.29000091552734,71.54000091552734,71.62999725341797,73.29000091552734,1132400.0,70.08941650390625
2019-05-13,74.72000122070312,73.23999786376953,73.30000305175781,74.5999984741211,1557600.0,71.34220123291016
2019-05-14,74.5999984741211,73.72000122070312,74.5199966430664,73.8499984741211,1242800.0,70.62495422363281
2019-05-15,74.16999816894531,73.55000305175781,74.05999755859375,73.72000122070312,1075700.0,70.5006332397461
2019-05-16,74.54000091552734,73.5,73.62999725341797,74.23999786376953,874800.0,70.99791717529297
2019-05-17,75.0,74.01000213623047,74.01000213623047,74.70999908447266,1048500.0,71.44739532470703
2019-05-20,75.25,74.38999938964844,75.0199966430664,74.69000244140625,1069600.0,71.42826843261719
2019-05-21,74.95999908447266,74.12999725341797,74.69000244140625,74.29000091552734,1546500.0,71.04573822021484
2019-05-22,74.91000366210938,74.11000061035156,74.41000366210938,74.87000274658203,881000.0,71.60041809082031
2019-05-23,75.72000122070312,74.91000366210938,75.05000305175781,75.70999908447266,1159400.0,72.40373229980469
2019-05-24,76.13999938964844,75.33000183105469,75.87000274658203,75.37999725341797,789800.0,72.088134765625
2019-05-28,75.58000183105469,74.30000305175781,75.58000183105469,74.31999969482422,1604500.0,71.07443237304688
2019-05-29,74.72000122070312,72.9800033569336,74.58000183105469,73.19000244140625,1001200.0,69.99378204345703
2019-05-30,73.6500015258789,72.72000122070312,73.16000366210938,72.91999816894531,1070400.0,69.73555755615234
2019-05-31,73.7300033569336,72.79000091552734,73.43000030517578,73.33999633789062,2114800.0,70.1372299194336
2019-06-03,74.62999725341797,73.25,73.26000213623047,74.4800033569336,1672700.0,71.22744750976562
2019-06-04,74.5199966430664,72.94999694824219,74.4800033569336,74.44999694824219,1366800.0,71.19874572753906
2019-06-05,76.30000305175781,74.4800033569336,74.66000366210938,76.13999938964844,1401000.0,72.81494903564453
2019-06-06,76.66000366210938,76.0,76.38999938964844,76.52999877929688,1166500.0,73.18790435791016
2019-06-07,77.55000305175781,75.87999725341797,77.0999984741211,75.87999725341797,1350200.0,72.56629943847656
2019-06-10,76.12000274658203,75.22000122070312,75.62999725341797,75.91999816894531,1081100.0,72.60455322265625
2019-06-11,75.58000183105469,74.41000366210938,75.41000366210938,74.93000030517578,1084600.0,72.10895538330078
2019-06-12,76.26000213623047,75.22000122070312,75.22000122070312,76.23999786376953,987600.0,73.36962127685547
2019-06-13,76.63999938964844,75.73999786376953,76.27999877929688,76.20999908447266,971900.0,73.34075164794922
2019-06-14,77.02999877929688,76.29000091552734,76.44999694824219,76.70999908447266,1142200.0,73.82192993164062
2019-06-17,77.19000244140625,75.80999755859375,76.7300033569336,76.19999694824219,908700.0,73.33113098144531
2019-06-18,76.80000305175781,75.4800033569336,76.73999786376953,76.43000030517578,1426000.0,73.5524673461914
2019-06-19,77.2300033569336,76.02999877929688,76.22000122070312,76.9000015258789,1482000.0,74.00477600097656
2019-06-20,77.72000122070312,76.56999969482422,76.93000030517578,77.36000061035156,884000.0,74.44746398925781
2019-06-21,77.58000183105469,76.45999908447266,77.41999816894531,77.44999694824219,1597200.0,74.53406524658203
2019-06-24,77.7699966430664,76.81999969482422,77.55000305175781,76.9000015258789,1414000.0,74.00477600097656
2019-06-25,77.05000305175781,76.44999694824219,77.05000305175781,76.58000183105469,996700.0,73.69682312011719
2019-06-26,76.63999938964844,74.66000366210938,76.4000015258789,74.7300033569336,1160100.0,71.9164810180664
2019-06-27,75.2699966430664,74.36000061035156,74.83000183105469,74.6500015258789,926400.0,71.83949279785156
2019-06-28,75.62000274658203,74.44999694824219,74.55999755859375,75.11000061035156,2160000.0,72.28216552734375
2019-07-01,75.33000183105469,74.2300033569336,75.12000274658203,75.20999908447266,1140800.0,72.37840270996094
2019-07-02,76.01000213623047,75.27999877929688,75.55000305175781,75.9000015258789,1147300.0,73.04243469238281
2019-07-03,77.08999633789062,76.05000305175781,76.12999725341797,76.5199966430664,512700.0,73.63907623291016
2019-07-05,76.5999984741211,75.04000091552734,75.93000030517578,76.44999694824219,760900.0,73.57170867919922
2019-07-08,76.79000091552734,75.94000244140625,76.55999755859375,76.47000122070312,795700.0,73.5909652709961
2019-07-09,76.69000244140625,75.97000122070312,76.3499984741211,76.61000061035156,884400.0,73.72569274902344
2019-07-10,77.12000274658203,76.30999755859375,76.69999694824219,76.6500015258789,794000.0,73.76419067382812
2019-07-11,77.08999633789062,76.0,76.56999969482422,76.68000030517578,831100.0,73.79306030273438
2019-07-12,76.72000122070312,75.7699966430664,76.58000183105469,76.16000366210938,709100.0,73.29264831542969
2019-07-15,76.54000091552734,75.79000091552734,76.0999984741211,76.29000091552734,657700.0,73.4177474975586
2019-07-16,76.43000030517578,75.56999969482422,76.06999969482422,76.2300033569336,1355100.0,73.36000061035156
2019-07-17,77.27999877929688,76.5,76.55999755859375,76.73999786376953,917900.0,73.85079193115234
2019-07-18,77.19999694824219,76.12999725341797,76.80000305175781,77.16000366210938,867600.0,74.25499725341797
2019-07-19,77.20999908447266,75.94999694824219,77.0199966430664,75.9800033569336,854700.0,73.11941528320312
2019-07-22,76.73999786376953,75.41999816894531,76.12999725341797,76.27999877929688,1193300.0,73.40811920166016
2019-07-23,76.66999816894531,75.70999908447266,76.30000305175781,76.2300033569336,988100.0,73.36000061035156
2019-07-24,76.61000061035156,75.70999908447266,76.61000061035156,76.43000030517578,847700.0,73.5524673461914
2019-07-25,77.06999969482422,75.94000244140625,76.9000015258789,76.25,1219900.0,73.37925720214844
2019-07-26,76.81999969482422,75.91000366210938,76.3499984741211,76.58999633789062,1120500.0,73.7064437866211
2019-07-29,77.18000030517578,76.13999938964844,76.80000305175781,76.8499984741211,1078800.0,73.9566650390625
2019-07-30,77.26000213623047,75.81999969482422,76.76000213623047,76.20999908447266,918100.0,73.34075164794922
2019-07-31,76.69000244140625,75.44000244140625,76.18000030517578,75.69000244140625,1041300.0,72.84033966064453
2019-08-01,77.11000061035156,75.37000274658203,75.5999984741211,76.63999938964844,2349600.0,73.75456237792969
2019-08-02,77.41000366210938,75.41999816894531,76.68000030517578,75.73999786376953,2160300.0,72.88844299316406
2019-08-05,76.69999694824219,74.62999725341797,76.08000183105469,75.05000305175781,2157700.0,72.22443389892578
2019-08-06,75.3499984741211,73.66999816894531,75.05999755859375,75.0,5268700.0,72.17630767822266
2019-08-07,75.63999938964844,74.0199966430664,75.11000061035156,75.22000122070312,2969400.0,72.38802337646484
2019-08-08,76.5,74.41000366210938,75.08999633789062,76.31999969482422,2579300.0,73.44661712646484
2019-08-09,76.9000015258789,75.58999633789062,76.41999816894531,76.69000244140625,2787400.0,73.80269622802734
2019-08-12,77.01000213623047,76.27999877929688,76.97000122070312,76.63999938964844,2022600.0,73.75456237792969
2019-08-13,76.98999786376953,76.16000366210938,76.58000183105469,76.51000213623047,2817400.0,73.62945556640625
2019-08-14,76.7699966430664,75.12999725341797,76.73999786376953,75.25,1528400.0,72.41690826416016
2019-08-15,76.12999725341797,74.91999816894531,75.04000091552734,75.80999755859375,3140600.0,72.955810546875
2019-08-16,76.8499984741211,75.7699966430664,75.87000274658203,76.63999938964844,2310400.0,73.75456237792969
2019-08-19,77.30999755859375,76.06999969482422,76.6500015258789,76.97000122070312,1842900.0,74.0721435546875
2019-08-20,77.19999694824219,76.43000030517578,77.19999694824219,76.66000366210938,1719000.0,73.77381896972656
2019-08-21,76.95999908447266,76.4000015258789,76.62000274658203,76.91999816894531,1215000.0,74.0240249633789
2019-08-22,77.06999969482422,76.31999969482422,76.86000061035156,76.81999969482422,1160400.0,73.92779541015625
2019-08-23,77.30000305175781,75.05999755859375,77.05000305175781,75.33000183105469,1698900.0,72.49388122558594
2019-08-26,75.87999725341797,75.2300033569336,75.33999633789062,75.8499984741211,1428300.0,72.99430847167969
2019-08-27,76.45999908447266,75.72000122070312,76.01000213623047,75.75,1559900.0,72.89807891845703
2019-08-28,76.12000274658203,75.30999755859375,75.7699966430664,75.75,2168900.0,72.89807891845703
2019-08-29,77.23999786376953,75.87000274658203,76.20999908447266,77.1500015258789,2129300.0,74.245361328125
2019-08-30,77.5199966430664,76.87999725341797,77.5,77.1500015258789,1811300.0,74.245361328125
2019-09-03,78.51000213623047,76.95999908447266,77.22000122070312,78.48999786376953,2371500.0,75.53490447998047
2019-09-04,78.87999725341797,77.97000122070312,78.63999938964844,78.48999786376953,1105100.0,75.53490447998047
2019-09-05,78.41000366210938,77.0199966430664,78.16999816894531,77.13999938964844,1372100.0,74.2357406616211
2019-09-06,77.44999694824219,75.68000030517578,77.27999877929688,76.19000244140625,1964000.0,73.3215103149414
2019-09-09,76.0,74.9000015258789,75.95999908447266,75.18000030517578,2134500.0,72.34954071044922
2019-09-10,74.7699966430664,73.30999755859375,74.7699966430664,74.20999908447266,2045800.0,71.87014770507812
2019-09-11,74.87999725341797,73.31999969482422,74.04000091552734,74.7699966430664,2501300.0,72.41248321533203
2019-09-12,76.97000122070312,75.33999633789062,75.37999725341797,76.5,2929200.0,74.08793640136719
2019-09-13,77.5,75.88999938964844,76.30000305175781,76.5999984741211,2388000.0,74.18478393554688
2019-09-16,77.3499984741211,76.31999969482422,76.5999984741211,77.16999816894531,1518400.0,74.73680877685547
2019-09-17,78.54000091552734,77.2300033569336,78.0999984741211,77.54000091552734,1879300.0,75.09514617919922
2019-09-18,78.51000213623047,77.52999877929688,77.80999755859375,78.4800033569336,2134100.0,76.00550842285156
2019-09-19,78.76000213623047,78.26000213623047,78.5999984741211,78.66000366210938,1552200.0,76.17984008789062
2019-09-20,79.30999755859375,78.45999908447266,78.97000122070312,79.04000091552734,2436700.0,76.54784393310547
2019-09-23,79.38999938964844,78.8499984741211,78.94999694824219,78.97000122070312,1432800.0,76.48004913330078
2019-09-24,79.79000091552734,78.83000183105469,79.33999633789062,79.55999755859375,1949700.0,77.05145263671875
2019-09-25,80.33999633789062,78.91000366210938,79.44999694824219,80.26000213623047,1844400.0,77.7293930053711
2019-09-26,80.8499984741211,80.16999816894531,80.48999786376953,80.37999725341797,1657200.0,77.84558868408203
2019-09-27,80.55000305175781,79.41999816894531,80.55000305175781,80.0,1023800.0,77.47758483886719
2019-09-30,80.62000274658203,79.8499984741211,80.06999969482422,80.05000305175781,1606000.0,77.5260009765625
2019-10-01,80.05000305175781,79.16999816894531,79.70999908447266,79.66000366210938,1787300.0,77.14830017089844
2019-10-02,79.69999694824219,78.56999969482422,79.56999969482422,78.75,1393700.0,76.26699829101562
2019-10-03,79.04000091552734,78.1500015258789,78.86000061035156,78.5,1255100.0,76.02487182617188
2019-10-04,79.56999969482422,78.29000091552734,78.56999969482422,79.52999877929688,1150100.0,77.02239990234375
2019-10-07,79.45999908447266,78.68000030517578,79.45999908447266,78.94000244140625,1308900.0,76.45100402832031
2019-10-08,78.77999877929688,77.41999816894531,78.75,77.41999816894531,1476300.0,74.97891998291016
2019-10-09,77.77999877929688,76.9000015258789,77.6500015258789,77.33999633789062,1733900.0,74.90144348144531
2019-10-10,77.26000213623047,76.38999938964844,76.97000122070312,76.8499984741211,1184600.0,74.4269027709961
2019-10-11,77.55000305175781,76.33000183105469,76.70999908447266,77.05000305175781,1259100.0,74.62059783935547
2019-10-14,77.19999694824219,76.0199966430664,77.19000244140625,76.29000091552734,1037500.0,73.88455963134766
2019-10-15,76.69999694824219,75.38999938964844,76.36000061035156,75.80000305175781,1270700.0,73.41001892089844
2019-10-16,75.97000122070312,75.26000213623047,75.76000213623047,75.72000122070312,1762800.0,73.33252716064453
2019-10-17,76.11000061035156,75.27999877929688,75.76000213623047,75.80000305175781,1439000.0,73.41001892089844
2019-10-18,76.76000213623047,75.5,75.66999816894531,76.62000274658203,2104800.0,74.20415496826172
2019-10-21,76.88999938964844,76.27999877929688,76.41000366210938,76.66000366210938,1032800.0,74.2428970336914
2019-10-22,77.26000213623047,76.55000305175781,76.58999633789062,77.05000305175781,1568000.0,74.62059783935547
2019-10-23,77.29000091552734,76.5999984741211,77.0199966430664,77.05999755859375,1305200.0,74.6302719116211
2019-10-24,77.9000015258789,77.08000183105469,77.1500015258789,77.48999786376953,896700.0,75.04671478271484
2019-10-25,77.68000030517578,76.58999633789062,77.58000183105469,76.58999633789062,1417200.0,74.17509460449219
2019-10-28,76.83000183105469,75.6500015258789,76.30999755859375,75.83999633789062,1670400.0,73.44873809814453
2019-10-29,76.98999786376953,75.87000274658203,76.1500015258789,76.4800033569336,1519400.0,74.06857299804688
2019-10-30,77.72000122070312,76.55999755859375,76.7300033569336,77.58000183105469,1104400.0,75.13388061523438
2019-10-31,77.87000274658203,76.97000122070312,77.58999633789062,77.69999694824219,1670700.0,75.25009155273438
2019-11-01,77.91999816894531,77.08999633789062,77.73999786376953,77.36000061035156,1146700.0,74.92082214355469
2019-11-04,77.2300033569336,75.72000122070312,77.2300033569336,76.08999633789062,1546200.0,73.69085693359375
2019-11-05,75.94999694824219,74.61000061035156,75.81999969482422,74.95999908447266,2098100.0,72.59648895263672
2019-11-06,76.01000213623047,75.0,75.16000366210938,75.55999755859375,1630600.0,73.17757415771484
2019-11-07,75.16999816894531,73.73999786376953,75.16999816894531,74.62999725341797,1473700.0,72.27689361572266
2019-11-08,74.91999816894531,73.33999633789062,74.11000061035156,73.80999755859375,2452300.0,71.48274993896484
2019-11-11,74.25,73.5999984741211,73.80000305175781,74.08999633789062,1437800.0,71.75391387939453
2019-11-12,74.69000244140625,74.12999725341797,74.25,74.19999694824219,1877500.0,71.8604507446289
2019-11-13,75.93000030517578,74.41000366210938,74.51000213623047,75.58000183105469,1615500.0,73.19693756103516
2019-11-14,76.56999969482422,75.45999908447266,75.56999969482422,76.52999877929688,2614100.0,74.11698150634766
2019-11-15,76.83000183105469,76.26000213623047,76.48999786376953,76.62000274658203,1683600.0,74.20415496826172
2019-11-18,77.0199966430664,75.6500015258789,76.69000244140625,75.7300033569336,1571500.0,73.34221649169922
2019-11-19,76.12999725341797,75.02999877929688,75.5,75.44999694824219,1534800.0,73.071044921875
2019-11-20,75.8499984741211,74.7300033569336,75.41000366210938,75.47000122070312,1718700.0,73.09041595458984
2019-11-21,75.51000213623047,74.76000213623047,75.44000244140625,75.19000244140625,1533600.0,72.8192367553711
2019-11-22,75.29000091552734,74.2699966430664,75.0,74.94999694824219,1614200.0,72.58680725097656
2019-11-25,74.98999786376953,73.98999786376953,74.94000244140625,74.16999816894531,1431200.0,71.83139038085938
2019-11-26,74.44000244140625,73.55999755859375,73.87999725341797,74.12999725341797,1775300.0,71.79265594482422
2019-11-27,74.31999969482422,73.69999694824219,74.13999938964844,74.18000030517578,1382700.0,71.8410873413086
2019-11-29,74.69000244140625,74.25,74.44000244140625,74.33000183105469,703300.0,71.98635864257812
2019-12-02,74.41999816894531,73.66999816894531,74.05999755859375,73.68000030517578,1369500.0,71.35685729980469
2019-12-03,74.18000030517578,73.6500015258789,73.94000244140625,73.80999755859375,851000.0,71.48274993896484
2019-12-04,74.5,73.51000213623047,73.54000091552734,74.36000061035156,962200.0,72.01541137695312
2019-12-05,75.08999633789062,74.13999938964844,74.19999694824219,75.08999633789062,1635800.0,72.7223892211914
2019-12-06,75.55000305175781,74.72000122070312,74.91000366210938,75.19000244140625,1314900.0,72.8192367553711
2019-12-09,75.29000091552734,74.73999786376953,75.27999877929688,74.94999694824219,1551700.0,72.58680725097656
2019-12-10,75.02999877929688,74.29000091552734,74.45999908447266,74.58999633789062,1685700.0,72.71842193603516
2019-12-11,75.18000030517578,74.37000274658203,75.0,74.94999694824219,1485600.0,73.06938934326172
2019-12-12,75.19000244140625,74.4000015258789,74.77999877929688,74.70999908447266,1173800.0,72.83540344238281
2019-12-13,75.18000030517578,73.95999908447266,74.47000122070312,75.0199966430664,972200.0,73.13762664794922
2019-12-16,75.80000305175781,74.91000366210938,75.05000305175781,75.76000213623047,1505900.0,73.85906982421875
2019-12-17,76.37000274658203,75.54000091552734,75.75,75.61000061035156,1494000.0,73.71282958984375
2019-12-18,76.13999938964844,75.02999877929688,75.56999969482422,76.02999877929688,2484500.0,74.12228393554688
2019-12-19,76.4800033569336,75.43000030517578,76.06999969482422,75.44999694824219,6537400.0,73.55684661865234
2019-12-20,77.01000213623047,75.51000213623047,75.72000122070312,76.56999969482422,4155900.0,74.64874267578125
2019-12-23,76.55999755859375,75.47000122070312,76.55999755859375,75.63999938964844,961500.0,73.74207305908203
2019-12-24,75.87999725341797,75.33000183105469,75.66000366210938,75.75,476200.0,73.84931945800781
2019-12-26,75.91000366210938,75.30999755859375,75.83999633789062,75.63999938964844,639900.0,73.74207305908203
2019-12-27,76.33000183105469,75.58999633789062,75.94000244140625,76.30000305175781,1659800.0,74.38551330566406
2019-12-30,76.58999633789062,76.05000305175781,76.05000305175781,76.55999755859375,1106200.0,74.63899230957031
2019-12-31,77.04000091552734,76.48999786376953,76.54000091552734,76.80000305175781,1388900.0,74.87297058105469
2020-01-02,77.0999984741211,75.76000213623047,76.94000244140625,76.05000305175781,1460900.0,74.14179992675781
2020-01-03,76.55000305175781,75.83999633789062,75.83999633789062,76.08000183105469,1239900.0,74.17103576660156
2020-01-06,76.38999938964844,75.91000366210938,76.08000183105469,76.1500015258789,1381600.0,74.23928833007812
2020-01-07,76.44000244140625,75.54000091552734,75.87999725341797,76.43000030517578,1227200.0,74.51225280761719
2020-01-08,76.80999755859375,76.19000244140625,76.80999755859375,76.30000305175781,1034700.0,74.38551330566406
2020-01-09,76.68000030517578,76.06999969482422,76.23999786376953,76.58999633789062,1460700.0,74.6682357788086
2020-01-10,77.30000305175781,76.69999694824219,76.80000305175781,77.01000213623047,1073900.0,75.07770538330078
2020-01-13,77.76000213623047,77.0199966430664,77.0199966430664,77.62999725341797,1280800.0,75.68213653564453
2020-01-14,77.87000274658203,77.11000061035156,77.58999633789062,77.61000061035156,1439700.0,75.66264343261719
2020-01-15,78.33000183105469,77.58000183105469,77.80000305175781,78.19999694824219,1732400.0,76.23783874511719
2020-01-16,79.30000305175781,78.69999694824219,78.69999694824219,79.20999908447266,2065900.0,77.22250366210938
2020-01-17,79.9000015258789,79.16000366210938,79.23999786376953,79.75,1552800.0,77.74894714355469
2020-01-21,80.05999755859375,79.36000061035156,79.75,80.02999877929688,1732700.0,78.02191925048828
2020-01-22,80.44000244140625,79.87999725341797,80.13999938964844,79.91000366210938,2366300.0,77.90493774414062
2020-01-23,80.36000061035156,79.69000244140625,79.94000244140625,80.30000305175781,1269800.0,78.28515625
2020-01-24,80.83000183105469,80.02999877929688,80.25,80.38999938964844,1185800.0,78.37288665771484
2020-01-27,80.83999633789062,79.75,80.33000183105469,80.11000061035156,1774800.0,78.09991455078125
2020-01-28,80.66999816894531,79.97000122070312,80.19999694824219,80.31999969482422,1350700.0,78.30464935302734
2020-01-29,81.06999969482422,80.44000244140625,80.7300033569336,81.0199966430664,1493400.0,78.9870834350586
2020-01-30,81.94000244140625,80.7699966430664,80.97000122070312,81.9000015258789,1086100.0,79.84500122070312
2020-01-31,82.41000366210938,81.61000061035156,81.80999755859375,82.05000305175781,2038400.0,79.9912338256836
2020-02-03,82.70999908447266,82.08000183105469,82.2300033569336,82.62999725341797,1105700.0,80.55667877197266
2020-02-04,83.0199966430664,82.11000061035156,82.6500015258789,82.2699966430664,1595500.0,80.20571899414062
2020-02-05,82.73999786376953,81.94000244140625,82.11000061035156,82.68000030517578,1071200.0,80.60543823242188
2020-02-06,83.3499984741211,82.56999969482422,82.72000122070312,83.16999816894531,1388300.0,81.0831298828125
2020-02-07,83.76000213623047,83.2699966430664,83.44999694824219,83.5999984741211,1597900.0,81.5023422241211
2020-02-10,84.02999877929688,83.25,83.75,83.9800033569336,1220500.0,81.87281799316406
2020-02-11,84.4800033569336,83.87000274658203,84.16000366210938,84.2699966430664,1498100.0,82.1555404663086
2020-02-12,84.73999786376953,83.80000305175781,83.95999908447266,84.56999969482422,1155400.0,82.44800567626953
2020-02-13,85.8499984741211,84.37000274658203,84.56999969482422,85.75,1069600.0,83.59840393066406
2020-02-14,86.87000274658203,85.80000305175781,86.0,86.79000091552734,1754300.0,84.61231231689453
2020-02-18,87.33000183105469,86.5,87.16000366210938,86.75,2305800.0,84.57330322265625
2020-02-19,86.70999908447266,85.7699966430664,86.63999938964844,85.87999725341797,1598600.0,83.72513580322266
2020-02-20,85.91999816894531,85.0999984741211,85.55000305175781,85.66000366210938,1999000.0,83.51066589355469
2020-02-21,86.41999816894531,85.2300033569336,85.66000366210938,85.33999633789062,2212900.0,83.19867706298828
2020-02-24,85.62000274658203,84.54000091552734,85.0,84.81999969482422,1700500.0,82.69173431396484
2020-02-25,85.31999969482422,83.31999969482422,84.9000015258789,83.55999755859375,2612800.0,81.4633560180664
2020-02-26,86.47000122070312,84.04000091552734,84.7300033569336,85.20999908447266,2840800.0,83.07194519042969
2020-02-27,85.80999755859375,81.56999969482422,85.1500015258789,81.56999969482422,2564000.0,79.5232925415039
2020-02-28,80.27999877929688,77.19000244140625,80.08000183105469,79.0,4615000.0,77.01776885986328
2020-03-02,84.45999908447266,79.1500015258789,79.29000091552734,84.41999816894531,2835700.0,82.30177307128906
2020-03-03,86.0,82.95999908447266,84.16999816894531,83.16000366210938,2231900.0,81.07339477539062
2020-03-04,87.66000366210938,83.73999786376953,83.73999786376953,87.06999969482422,1952700.0,84.88529205322266
2020-03-05,87.12000274658203,85.11000061035156,85.5999984741211,86.05000305175781,2061800.0,83.89087677001953
2020-03-06,85.69000244140625,81.30000305175781,83.80999755859375,85.3499984741211,3040900.0,83.20843505859375
2020-03-09,83.37000274658203,80.0199966430664,82.0,81.5999984741211,4268200.0,79.55252075195312
2020-03-10,83.58999633789062,79.16000366210938,81.98999786376953,82.58999633789062,2920800.0,81.00910949707031
2020-03-11,81.86000061035156,79.58999633789062,80.95999908447266,80.87000274658203,2733800.0,79.32203674316406
2020-03-12,76.81999969482422,71.04000091552734,75.5,72.4000015258789,2952100.0,71.01416015625
2020-03-13,76.51000213623047,71.19999694824219,75.66000366210938,76.1500015258789,2490900.0,74.6923828125
2020-03-16,72.33000183105469,64.93000030517578,70.0199966430664,65.94999694824219,3280500.0,64.6876220703125
2020-03-17,79.18000030517578,66.86000061035156,67.70999908447266,77.69000244140625,3871900.0,76.2029037475586
2020-03-18,77.37999725341797,70.18000030517578,71.94000244140625,76.1500015258789,2533300.0,74.6923828125
2020-03-19,78.16000366210938,70.94999694824219,76.75,71.87999725341797,3094900.0,70.50411224365234
2020-03-20,71.63999938964844,62.0099983215332,71.5,62.93000030517578,3145800.0,61.725425720214844
2020-03-23,64.94000244140625,58.7400016784668,63.08000183105469,61.369998931884766,3118300.0,60.19528579711914
2020-03-24,65.48999786376953,60.29999923706055,63.400001525878906,65.29000091552734,2620500.0,64.04025268554688
2020-03-25,69.12000274658203,61.59000015258789,64.12999725341797,67.54000091552734,2397400.0,66.2471923828125
2020-03-26,73.69000244140625,66.63999938964844,67.13999938964844,72.79000091552734,2056100.0,71.39669799804688
2020-03-27,77.0199966430664,70.44000244140625,70.87000274658203,74.23999786376953,1829800.0,72.81893157958984
2020-03-30,78.7699966430664,74.66000366210938,76.0199966430664,78.16999816894531,2469800.0,76.6737060546875
2020-03-31,76.75,72.4800033569336,76.75,72.83000183105469,2555900.0,71.43592834472656
2020-04-01,70.58999633789062,65.9000015258789,69.91000366210938,67.7300033569336,1976800.0,66.43355560302734
2020-04-02,72.30999755859375,66.76000213623047,66.8499984741211,71.66999816894531,2065000.0,70.29813385009766
2020-04-03,71.6500015258789,68.37000274658203,70.20999908447266,68.75,2175500.0,67.43402099609375
2020-04-06,75.04000091552734,70.76000213623047,71.20999908447266,74.29000091552734,1320800.0,72.86798095703125
2020-04-07,75.63999938964844,71.20999908447266,75.63999938964844,71.52999877929688,2606500.0,70.16080474853516
2020-04-08,76.91000366210938,71.5999984741211,72.12000274658203,76.01000213623047,1365600.0,74.55506134033203
2020-04-09,81.25,76.52999877929688,76.52999877929688,79.0,1660000.0,77.48782348632812
2020-04-13,78.88999938964844,74.58999633789062,77.94000244140625,75.81999969482422,992700.0,74.36869812011719
2020-04-14,77.7300033569336,75.86000061035156,76.02999877929688,77.16999816894531,1153600.0,75.69285583496094
2020-04-15,76.25,74.16999816894531,76.0199966430664,75.5,1436300.0,74.05481719970703
2020-04-16,77.7300033569336,74.9000015258789,76.12000274658203,77.26000213623047,1601400.0,75.7811279296875
2020-04-17,78.83999633789062,76.08999633789062,78.75,77.83000183105469,1577800.0,76.34022521972656
2020-04-20,78.62999725341797,73.12000274658203,78.48999786376953,73.23999786376953,1851000.0,71.83808135986328
2020-04-21,74.3499984741211,71.56999969482422,71.79000091552734,74.0199966430664,2648600.0,72.6031494140625
2020-04-22,77.25,74.08999633789062,75.30000305175781,76.77999877929688,1507900.0,75.31031799316406
2020-04-23,77.05000305175781,73.7300033569336,76.43000030517578,74.19000244140625,1531200.0,72.7698974609375
2020-04-24,74.25,72.68000030517578,73.93000030517578,73.63999938964844,1460300.0,72.23042297363281
2020-04-27,74.43000030517578,73.33000183105469,74.12999725341797,73.41999816894531,1112400.0,72.0146255493164
2020-04-28,75.0999984741211,73.23999786376953,74.06999969482422,74.25,1410800.0,72.82875061035156
2020-04-29,75.73999786376953,72.80999755859375,75.73999786376953,74.62000274658203,1747800.0,73.19166564941406
2020-04-30,74.19999694824219,72.08999633789062,74.12000274658203,72.75,1742600.0,71.35745239257812
2020-05-01,71.97000122070312,70.4000015258789,71.70999908447266,71.44999694824219,1520200.0,70.08233642578125
2020-05-04,71.66999816894531,70.06999969482422,71.18000030517578,71.44000244140625,1130100.0,70.07254028320312
2020-05-05,72.61000061035156,71.08999633789062,71.08999633789062,72.1500015258789,1375300.0,70.7689437866211
2020-05-06,72.45999908447266,69.80999755859375,72.45999908447266,69.83999633789062,1985300.0,68.5031509399414
2020-05-07,71.26000213623047,69.41999816894531,70.77999877929688,69.6500015258789,2300300.0,68.3167953491211
2020-05-08,71.01000213623047,69.91000366210938,70.41000366210938,70.86000061035156,1219500.0,69.50363159179688
2020-05-11,71.4800033569336,69.19000244140625,70.54000091552734,70.83000183105469,2311800.0,69.47421264648438
2020-05-12,70.83000183105469,68.4000015258789,70.20999908447266,68.97000122070312,3072700.0,67.64981079101562
2020-05-13,68.6500015258789,67.0,68.48999786376953,68.3499984741211,2586200.0,67.04167938232422
2020-05-14,68.87000274658203,66.33000183105469,67.72000122070312,68.72000122070312,1999000.0,67.40460205078125
2020-05-15,69.70999908447266,66.55000305175781,68.38999938964844,68.76000213623047,6531000.0,67.44384002685547
2020-05-18,72.69999694824219,69.94999694824219,70.48999786376953,72.2300033569336,2530200.0,70.847412109375
2020-05-19,71.87999725341797,70.63999938964844,71.83000183105469,70.6500015258789,1272500.0,69.29766082763672
2020-05-20,71.29000091552734,70.06999969482422,71.19999694824219,70.33000183105469,1531700.0,68.9837875366211
2020-05-21,70.80999755859375,69.05999755859375,70.12000274658203,69.30000305175781,1510900.0,67.97350311279297
2020-05-22,69.9000015258789,69.05999755859375,69.30999755859375,69.81999969482422,1340000.0,68.4835433959961
2020-05-26,72.11000061035156,70.44999694824219,71.0199966430664,70.76000213623047,1784200.0,69.40554809570312
2020-05-27,71.93000030517578,69.30000305175781,71.93000030517578,70.51000213623047,2586500.0,69.16033172607422
2020-05-28,74.38999938964844,71.77999877929688,72.29000091552734,73.94000244140625,2379700.0,72.5246810913086
2020-05-29,75.2699966430664,73.36000061035156,73.61000061035156,74.7300033569336,1877000.0,73.29956817626953
2020-06-01,75.31999969482422,73.75,74.5999984741211,74.37000274658203,1037900.0,72.94645690917969
2020-06-02,74.9800033569336,73.73999786376953,74.81999969482422,74.91000366210938,1363700.0,73.47611236572266
2020-06-03,76.26000213623047,75.0,75.02999877929688,76.08000183105469,1344400.0,74.62371826171875
2020-06-04,75.83999633789062,73.0199966430664,75.58999633789062,73.98999786376953,1267100.0,72.57371520996094
2020-06-05,76.94000244140625,74.19999694824219,74.62999725341797,75.58000183105469,1723500.0,74.13328552246094
2020-06-08,77.41999816894531,74.51000213623047,75.16000366210938,77.22000122070312,1245700.0,75.74190521240234
2020-06-09,76.08999633789062,74.05000305175781,76.08999633789062,75.2699966430664,1436500.0,74.3055419921875
2020-06-10,76.3499984741211,74.70999908447266,75.13999938964844,74.86000061035156,1109400.0,73.90078735351562
2020-06-11,73.81999969482422,71.06999969482422,73.48999786376953,71.83999633789062,1727900.0,70.91948699951172
2020-06-12,73.52999877929688,70.83999633789062,73.33999633789062,71.75,1523000.0,70.83064270019531
2020-06-15,72.83000183105469,69.72000122070312,70.41000366210938,72.33999633789062,1668100.0,71.41307830810547
2020-06-16,74.75,72.1500015258789,74.05999755859375,72.55000305175781,2314600.0,71.62039947509766
2020-06-17,73.02999877929688,71.4000015258789,72.72000122070312,72.45999908447266,2199900.0,71.53154754638672
2020-06-18,72.55000305175781,70.61000061035156,71.91000366210938,72.45999908447266,2041400.0,71.53154754638672
2020-06-19,73.30000305175781,69.73999786376953,73.06999969482422,69.80000305175781,3761600.0,68.90563201904297
2020-06-22,71.33999633789062,68.27999877929688,69.52999877929688,70.62000274658203,2053500.0,69.71511840820312
2020-06-23,71.33000183105469,69.19000244140625,71.33000183105469,70.0,1783700.0,69.10306549072266
2020-06-24,69.87000274658203,68.26000213623047,69.33999633789062,69.45999908447266,1674500.0,68.56998443603516
2020-06-25,69.44000244140625,67.13999938964844,69.44000244140625,68.80999755859375,1388500.0,67.92831420898438
2020-06-26,69.58000183105469,67.6500015258789,68.5199966430664,68.9000015258789,3616500.0,68.01716613769531
2020-06-29,69.80000305175781,68.52999877929688,69.44000244140625,69.7300033569336,1248600.0,68.83653259277344
2020-06-30,70.69999694824219,69.5999984741211,69.69999694824219,70.36000061035156,1351000.0,69.45845031738281
2020-07-01,72.75,70.26000213623047,70.33999633789062,72.48999786376953,1782100.0,71.5611572265625
2020-07-02,73.83000183105469,72.7699966430664,72.83000183105469,73.2300033569336,1774400.0,72.29167938232422
2020-07-06,74.4800033569336,72.45999908447266,73.62000274658203,73.33999633789062,1682900.0,72.40026092529297
2020-07-07,73.47000122070312,72.04000091552734,72.5999984741211,73.33999633789062,1163800.0,72.40026092529297
2020-07-08,74.30000305175781,72.80999755859375,73.2699966430664,73.94000244140625,1245800.0,72.9925765991211
2020-07-09,73.93000030517578,71.66000366210938,73.55000305175781,73.6500015258789,1363300.0,72.706298828125
2020-07-10,75.05999755859375,73.5999984741211,73.5999984741211,74.54000091552734,1188100.0,73.58489227294922
2020-07-13,76.04000091552734,74.48999786376953,74.69000244140625,75.55999755859375,1783500.0,74.5918197631836
2020-07-14,76.91999816894531,75.33999633789062,75.68000030517578,76.56999969482422,2206200.0,75.58887481689453
2020-07-15,77.58000183105469,75.80000305175781,77.30999755859375,75.93000030517578,1713900.0,74.95707702636719
2020-07-16,77.33999633789062,75.79000091552734,75.93000030517578,76.79000091552734,1605300.0,75.80606842041016
2020-07-17,78.91000366210938,76.80999755859375,77.20999908447266,78.73999786376953,1372400.0,77.73107147216797
2020-07-20,79.18000030517578,77.73999786376953,78.44000244140625,77.79000091552734,1022900.0,76.79325103759766
2020-07-21,78.68000030517578,77.52999877929688,77.83000183105469,78.0,1360200.0,77.00055694580078
2020-07-22,80.30000305175781,77.30999755859375,77.62999725341797,80.20999908447266,1153400.0,79.18223571777344
2020-07-23,80.81999969482422,79.88999938964844,80.2300033569336,80.5199966430664,1482200.0,79.48826599121094
2020-07-24,81.30999755859375,79.12000274658203,80.61000061035156,79.5199966430664,780100.0,78.5010757446289
2020-07-27,79.55000305175781,78.4800033569336,79.55000305175781,79.01000213623047,1103800.0,77.99761199951172
2020-07-28,80.48999786376953,78.58999633789062,78.75,79.66999816894531,1061900.0,78.64915466308594
2020-07-29,80.4000015258789,79.68000030517578,79.80000305175781,80.1500015258789,655400.0,79.12301635742188
2020-07-30,79.91999816894531,79.02999877929688,79.66000366210938,79.55000305175781,1009300.0,78.53070068359375
2020-07-31,80.29000091552734,78.87999725341797,79.62000274658203,80.23999786376953,1107700.0,79.21185302734375
2020-08-03,80.0,78.22000122070312,79.95999908447266,79.27999877929688,1211900.0,78.26416015625
2020-08-04,82.43000030517578,79.01000213623047,79.02999877929688,82.19000244140625,2629700.0,81.13687896728516
2020-08-05,82.4000015258789,79.76000213623047,82.2699966430664,80.44999694824219,2350300.0,79.41915893554688
2020-08-06,81.48999786376953,79.87999725341797,80.2699966430664,81.05999755859375,1547800.0,80.02134704589844
2020-08-07,82.70999908447266,79.33999633789062,79.33999633789062,82.18000030517578,1435100.0,81.12699890136719
2020-08-10,83.94999694824219,82.13999938964844,82.9800033569336,83.25,1249400.0,82.18328857421875
2020-08-11,83.95999908447266,80.8499984741211,83.66000366210938,81.16000366210938,1037600.0,80.12007141113281
2020-08-12,83.0,80.97000122070312,81.5199966430664,81.9800033569336,1151900.0,80.9295654296875
2020-08-13,81.6500015258789,80.43000030517578,80.94999694824219,81.37000274658203,1464300.0,80.32737731933594
2020-08-14,81.94000244140625,80.56999969482422,81.61000061035156,81.2699966430664,645400.0,80.22865295410156
2020-08-17,82.2300033569336,80.91000366210938,81.37999725341797,81.43000030517578,734000.0,80.38661193847656
2020-08-18,81.81999969482422,80.87000274658203,81.5,81.18000030517578,1014500.0,80.13980865478516
2020-08-19,81.79000091552734,80.93000030517578,81.58000183105469,81.1500015258789,612300.0,80.11019897460938
2020-08-20,81.33000183105469,80.12999725341797,80.69999694824219,80.47000122070312,816000.0,79.43891143798828
2020-08-21,80.94000244140625,79.44000244140625,80.83999633789062,80.72000122070312,880300.0,79.68570709228516
2020-08-24,81.30999755859375,80.16999816894531,81.0999984741211,81.25,837100.0,80.20891571044922
2020-08-25,81.62999725341797,79.48999786376953,81.54000091552734,79.5999984741211,1259600.0,78.5800552368164
2020-08-26,79.1500015258789,77.6500015258789,79.1500015258789,78.44000244140625,1305600.0,77.43492126464844
2020-08-27,79.33999633789062,78.33999633789062,78.8499984741211,78.93000030517578,716600.0,77.91864013671875
2020-08-28,79.38999938964844,78.02999877929688,79.38999938964844,78.66000366210938,735600.0,77.65210723876953
2020-08-31,79.30999755859375,78.16999816894531,78.29000091552734,79.11000061035156,1122800.0,78.0963363647461
2020-09-01,79.11000061035156,77.66000366210938,79.11000061035156,78.4800033569336,664900.0,77.47441101074219
2020-09-02,80.61000061035156,78.13999938964844,78.54000091552734,80.2300033569336,1495400.0,79.20198822021484
2020-09-03,81.18000030517578,78.33999633789062,80.69999694824219,79.0999984741211,1155900.0,78.08646392822266
2020-09-04,79.61000061035156,77.8499984741211,79.18000030517578,78.95999908447266,1084700.0,77.94825744628906
2020-09-08,78.43000030517578,76.62000274658203,78.43000030517578,77.4000015258789,984300.0,76.89027404785156
2020-09-09,79.62999725341797,77.70999908447266,77.93000030517578,78.37999725341797,1365700.0,77.86381530761719
2020-09-10,78.58999633789062,76.29000091552734,78.11000061035156,76.45999908447266,898400.0,75.95645904541016
2020-09-11,76.83000183105469,75.83999633789062,76.70999908447266,76.5999984741211,959500.0,76.09553527832031
2020-09-14,77.80000305175781,76.6500015258789,76.95999908447266,76.9800033569336,936800.0,76.47303771972656
2020-09-15,78.37999725341797,76.87999725341797,77.23999786376953,77.5,1068400.0,76.98960876464844
2020-09-16,78.8499984741211,77.3499984741211,77.4800033569336,77.94000244140625,1193700.0,77.42671966552734
2020-09-17,77.7699966430664,76.58999633789062,77.33000183105469,77.62000274658203,1123100.0,77.10882568359375
2020-09-18,78.08000183105469,76.8499984741211,77.43000030517578,76.86000061035156,2281100.0,76.35382843017578
2020-09-21,77.16999816894531,75.2699966430664,75.76000213623047,76.62000274658203,1660800.0,76.11540985107422
2020-09-22,77.94000244140625,76.55000305175781,76.55999755859375,77.05999755859375,1152900.0,76.55250549316406
2020-09-23,77.54000091552734,75.52999877929688,77.12000274658203,75.61000061035156,995300.0,75.112060546875
2020-09-24,77.08000183105469,75.27999877929688,75.77999877929688,76.69999694824219,794200.0,76.19487762451172
2020-09-25,78.30000305175781,76.18000030517578,76.51000213623047,78.20999908447266,764700.0,77.69493103027344
2020-09-28,79.37000274658203,78.08000183105469,78.97000122070312,78.41999816894531,713500.0,77.90354919433594
2020-09-29,79.37000274658203,78.5,78.83000183105469,79.0199966430664,898200.0,78.49959564208984
2020-09-30,79.91000366210938,78.52999877929688,79.30000305175781,79.08000183105469,1444900.0,78.55921173095703
2020-10-01,80.20999908447266,79.05999755859375,79.16999816894531,79.86000061035156,1060800.0,79.33406829833984
2020-10-02,80.72000122070312,78.95999908447266,79.44000244140625,79.80999755859375,900600.0,79.28439331054688
2020-10-05,81.05999755859375,78.81999969482422,79.8499984741211,80.72000122070312,1066600.0,80.18840789794922
2020-10-06,82.02999877929688,79.83000183105469,80.70999908447266,81.30000305175781,1216600.0,80.76458740234375
2020-10-07,81.86000061035156,80.05000305175781,81.51000213623047,80.69000244140625,963700.0,80.15860748291016
2020-10-08,81.75,80.72000122070312,81.18000030517578,81.7300033569336,1199700.0,81.19175720214844
2020-10-09,82.52999877929688,81.31999969482422,81.83000183105469,82.05000305175781,971000.0,81.50965118408203
2020-10-12,83.4000015258789,82.05000305175781,82.11000061035156,82.54000091552734,816300.0,81.99642181396484
2020-10-13,81.80000305175781,79.87000274658203,81.80000305175781,81.1500015258789,1115100.0,80.6155776977539
2020-10-14,81.6500015258789,80.94000244140625,81.23999786376953,81.3499984741211,698200.0,80.81425476074219
2020-10-15,81.9000015258789,80.36000061035156,80.55999755859375,81.1500015258789,636900.0,80.6155776977539
2020-10-16,82.66999816894531,81.16000366210938,81.26000213623047,82.38999938964844,953500.0,81.84740447998047
2020-10-19,82.83999633789062,81.22000122070312,82.4000015258789,81.63999938964844,795900.0,81.10234832763672
2020-10-20,82.72000122070312,81.31999969482422,82.19000244140625,82.13999938964844,915500.0,81.59905242919922
2020-10-21,83.19999694824219,81.79000091552734,82.2699966430664,82.29000091552734,868100.0,81.7480697631836
2020-10-22,83.18000030517578,81.80000305175781,82.16999816894531,83.02999877929688,535400.0,82.48319244384766
2020-10-23,83.58000183105469,82.68000030517578,83.56999969482422,83.38999938964844,1026600.0,82.8408203125
2020-10-26,84.0999984741211,82.2300033569336,82.70999908447266,84.05999755859375,1027000.0,83.50640869140625
2020-10-27,85.43000030517578,83.94000244140625,84.2300033569336,84.19000244140625,1381100.0,83.63555908203125
2020-10-28,84.16000366210938,81.2699966430664,83.11000061035156,81.37000274658203,1131500.0,80.8341293334961
2020-10-29,82.44999694824219,79.91000366210938,81.16999816894531,81.33999633789062,890400.0,80.8043212890625
2020-10-30,82.2300033569336,80.37000274658203,80.94000244140625,81.12000274658203,1330400.0,80.58577728271484
2020-11-02,83.2699966430664,81.55000305175781,81.98999786376953,83.20999908447266,1109700.0,82.6620101928711
2020-11-03,85.25,83.58000183105469,84.22000122070312,84.31999969482422,854700.0,83.76469421386719
2020-11-04,85.58999633789062,83.41000366210938,84.0199966430664,83.44999694824219,1209200.0,82.90042114257812
2020-11-05,84.70999908447266,81.55000305175781,84.0999984741211,82.47000122070312,1692400.0,81.9268798828125
2020-11-06,82.9800033569336,81.44999694824219,82.19999694824219,81.8499984741211,1262500.0,81.31095886230469
2020-11-09,86.9000015258789,82.75,85.37000274658203,83.04000091552734,1967200.0,82.49312591552734
2020-11-10,83.80999755859375,82.41999816894531,83.08999633789062,82.45999908447266,1521300.0,81.91694641113281
2020-11-11,83.36000061035156,81.94999694824219,82.80000305175781,82.37000274658203,1724700.0,81.82754516601562
2020-11-12,82.9000015258789,80.79000091552734,82.18000030517578,81.33999633789062,1654700.0,80.8043212890625
2020-11-13,82.87000274658203,81.33999633789062,81.43000030517578,82.12000274658203,1467300.0,81.57918548583984
2020-11-16,84.45999908447266,82.31999969482422,83.37000274658203,84.33000183105469,2218400.0,83.7746353149414
2020-11-17,83.66000366210938,80.56999969482422,83.66000366210938,80.5999984741211,2013300.0,80.0691909790039
2020-11-18,81.88999938964844,78.77999877929688,81.88999938964844,79.05999755859375,2428500.0,78.53933715820312
2020-11-19,79.2699966430664,77.61000061035156,78.9800033569336,78.3499984741211,1536400.0,77.83401489257812
2020-11-20,79.38999938964844,78.26000213623047,78.6500015258789,78.44999694824219,1358400.0,77.933349609375
2020-11-23,79.4800033569336,78.3499984741211,78.61000061035156,79.30000305175781,2351500.0,78.77776336669922
2020-11-24,79.9000015258789,78.45999908447266,79.66999816894531,79.06999969482422,3116100.0,78.54927062988281
2020-11-25,80.58999633789062,79.0,79.19999694824219,80.58000183105469,1657700.0,80.04933166503906
2020-11-27,80.54000091552734,78.93000030517578,80.4000015258789,78.98999786376953,438700.0,78.46979522705078
2020-11-30,78.7699966430664,77.56999969482422,78.76000213623047,77.77999877929688,1418600.0,77.26776885986328
2020-12-01,79.25,77.83000183105469,78.30000305175781,78.51000213623047,1246100.0,77.99296569824219
2020-12-02,78.55999755859375,77.01000213623047,78.11000061035156,78.48999786376953,914100.0,77.97309112548828
2020-12-03,78.44000244140625,77.56999969482422,78.19999694824219,77.91000366210938,1122200.0,77.39691162109375
2020-12-04,78.19999694824219,76.44000244140625,77.73999786376953,77.08000183105469,1123100.0,76.57238006591797
2020-12-07,78.20999908447266,76.76000213623047,76.93000030517578,78.19999694824219,1638000.0,77.68499755859375
2020-12-08,78.22000122070312,76.81999969482422,77.08000183105469,77.26000213623047,1724000.0,77.26000213623047
2020-12-09,78.01000213623047,76.97000122070312,77.22000122070312,77.80000305175781,1449800.0,77.80000305175781
2020-12-10,78.1500015258789,76.68000030517578,77.70999908447266,77.33999633789062,1105700.0,77.33999633789062
2020-12-11,77.63999938964844,76.6500015258789,76.97000122070312,77.47000122070312,1173000.0,77.47000122070312
2020-12-14,78.5999984741211,76.75,77.7699966430664,77.23999786376953,1368200.0,77.23999786376953
2020-12-15,79.25,76.94999694824219,77.4800033569336,78.7300033569336,1419800.0,78.7300033569336
2020-12-16,79.63999938964844,77.58999633789062,79.0,78.0,1326600.0,78.0
2020-12-17,79.66000366210938,78.08999633789062,78.36000061035156,78.73999786376953,1692100.0,78.73999786376953
2020-12-18,79.5,78.41999816894531,78.66999816894531,78.86000061035156,2410200.0,78.86000061035156
2020-12-21,78.31999969482422,76.37000274658203,77.61000061035156,77.08000183105469,1395800.0,77.08000183105469
2020-12-22,77.08999633789062,75.76000213623047,77.0,76.55000305175781,1680600.0,76.55000305175781
2020-12-23,77.16999816894531,75.54000091552734,76.80000305175781,75.72000122070312,1226300.0,75.72000122070312
2020-12-24,76.55000305175781,75.6500015258789,75.8499984741211,76.47000122070312,462900.0,76.47000122070312
2020-12-28,77.19999694824219,76.45999908447266,76.62999725341797,76.75,991500.0,76.75
2020-12-29,77.47000122070312,76.55000305175781,76.8499984741211,76.56999969482422,1027600.0,76.56999969482422
2020-12-30,77.19000244140625,76.51000213623047,76.5999984741211,76.97000122070312,1526600.0,76.97000122070312
2020-12-31,78.11000061035156,76.7300033569336,77.26000213623047,78.05999755859375,1238700.0,78.05999755859375
2021-01-04,77.9800033569336,75.55999755859375,77.63999938964844,76.12999725341797,2807600.0,76.12999725341797
